1			-4.3331E+04
5			-4.3981E+04
10			-4.5031E+04
15			-4.6356E+04
20			-4.8153E+04
25			-5.0231E+04
30			-5.1106E+04
35			-5.2122E+04
40			-5.2574E+04
45			-5.2963E+04
50			-5.3213E+04
55			-5.3496E+04
60			-5.3770E+04
65			-5.4114E+04
70			-5.4194E+04
75			-5.4540E+04
80			-5.4705E+04
85			-5.4894E+04
90			-5.5059E+04
95			-5.5216E+04
100			-5.5335E+04
105			-5.5418E+04
110			-5.7149E+04
115			-5.7488E+04
120			-5.8124E+04
125			-5.8381E+04
130			-5.8385E+04
135			-5.8570E+04
140			-5.8740E+04
145			-5.8976E+04
150			-5.9197E+04
155			-5.9204E+04
160			-5.9389E+04
165			-5.9465E+04
170			-5.9635E+04
175			-5.9819E+04
180			-5.9823E+04
185			-5.9921E+04
190			-6.0026E+04
195			-6.0176E+04
200			-6.0283E+04
205			-6.0288E+04
210			-6.0402E+04
215			-6.0484E+04
220			-6.0597E+04
225			-6.0661E+04
230			-6.0664E+04
235			-6.0732E+04
240			-6.0803E+04
245			-6.0915E+04
250			-6.0991E+04
255			-6.0995E+04
260			-6.1075E+04
265			-6.1146E+04
270			-6.1228E+04
275			-6.1286E+04
280			-6.1289E+04
285			-6.1349E+04
290			-6.1400E+04
295			-6.1488E+04
300			-6.1540E+04
305			-6.1542E+04
310			-6.1601E+04
315			-6.1668E+04
320			-6.1726E+04
325			-6.1795E+04
330			-6.1799E+04
335			-6.1865E+04
340			-6.1904E+04
345			-6.1982E+04
350			-6.2029E+04
355			-6.2033E+04
360			-6.2091E+04
365			-6.2144E+04
370			-6.2188E+04
375			-6.2240E+04
380			-6.2243E+04
385			-6.2301E+04
390			-6.2331E+04
395			-6.2392E+04
400			-6.2425E+04
405			-6.2427E+04
410			-6.2467E+04
415			-6.2507E+04
420			-6.2551E+04
425			-6.2590E+04
430			-6.2592E+04
435			-6.2636E+04
440			-6.2661E+04
445			-6.2714E+04
450			-6.2741E+04
455			-6.2744E+04
460			-6.2775E+04
465			-6.2808E+04
470			-6.2846E+04
475			-6.2877E+04
480			-6.2879E+04
485			-6.2918E+04
490			-6.2941E+04
495			-6.2984E+04
500			-6.3023E+04
500			-6.3023E+04
