1			-6.3204E+04
5			-6.3229E+04
10			-6.3276E+04
15			-6.3357E+04
20			-6.3435E+04
25			-6.3508E+04
30			-6.3531E+04
35			-6.3555E+04
40			-6.3588E+04
45			-6.3595E+04
50			-6.3625E+04
55			-6.3641E+04
60			-6.3658E+04
65			-6.3674E+04
70			-6.3689E+04
75			-6.3701E+04
80			-6.3715E+04
85			-6.3728E+04
90			-6.3741E+04
95			-6.3754E+04
100			-6.3766E+04
105			-6.3782E+04
110			-6.4052E+04
115			-6.4192E+04
120			-6.4262E+04
125			-6.4345E+04
130			-6.4350E+04
135			-6.4416E+04
140			-6.4448E+04
145			-6.4487E+04
150			-6.4554E+04
155			-6.4556E+04
160			-6.4592E+04
165			-6.4610E+04
170			-6.4645E+04
175			-6.4678E+04
180			-6.4680E+04
185			-6.4712E+04
190			-6.4730E+04
195			-6.4761E+04
200			-6.4795E+04
205			-6.4800E+04
210			-6.4826E+04
215			-6.4842E+04
220			-6.4872E+04
225			-6.4895E+04
230			-6.4897E+04
235			-6.4924E+04
240			-6.4950E+04
245			-6.4965E+04
250			-6.5000E+04
255			-6.5002E+04
260			-6.5017E+04
265			-6.5035E+04
270			-6.5074E+04
275			-6.5126E+04
280			-6.5127E+04
285			-6.5165E+04
290			-6.5184E+04
295			-6.5207E+04
300			-6.5216E+04
305			-6.5218E+04
310			-6.5229E+04
315			-6.5248E+04
320			-6.5270E+04
325			-6.5312E+04
330			-6.5314E+04
335			-6.5345E+04
340			-6.5361E+04
345			-6.5380E+04
350			-6.5391E+04
355			-6.5394E+04
360			-6.5404E+04
365			-6.5424E+04
370			-6.5438E+04
375			-6.5478E+04
380			-6.5480E+04
385			-6.5507E+04
390			-6.5519E+04
395			-6.5538E+04
400			-6.5546E+04
405			-6.5548E+04
410			-6.5557E+04
415			-6.5568E+04
420			-6.5594E+04
425			-6.5657E+04
430			-6.5659E+04
435			-6.5695E+04
440			-6.5705E+04
445			-6.5725E+04
450			-6.5732E+04
455			-6.5733E+04
460			-6.5741E+04
465			-6.5759E+04
470			-6.5775E+04
475			-6.5830E+04
480			-6.5831E+04
485			-6.5865E+04
490			-6.5875E+04
495			-6.5891E+04
500			-6.5898E+04
500			-6.5898E+04
