1			-4.3944E+04
5			-4.4601E+04
10			-4.5752E+04
15			-4.7141E+04
20			-4.8970E+04
25			-5.1119E+04
30			-5.3008E+04
35			-5.3429E+04
40			-5.3982E+04
45			-5.4794E+04
50			-5.5189E+04
55			-5.5553E+04
60			-5.5810E+04
65			-5.6089E+04
70			-5.6324E+04
75			-5.6541E+04
80			-5.6852E+04
85			-5.6939E+04
90			-5.7241E+04
95			-5.7394E+04
100			-5.7561E+04
105			-5.7661E+04
110			-5.8917E+04
115			-5.9538E+04
120			-5.9942E+04
125			-6.0583E+04
130			-6.0585E+04
135			-6.0771E+04
140			-6.1018E+04
145			-6.1193E+04
150			-6.1443E+04
155			-6.1446E+04
160			-6.1696E+04
165			-6.1835E+04
170			-6.2022E+04
175			-6.2174E+04
180			-6.2176E+04
185			-6.2300E+04
190			-6.2389E+04
195			-6.2488E+04
200			-6.2637E+04
205			-6.2641E+04
210			-6.2729E+04
215			-6.2798E+04
220			-6.2949E+04
225			-6.3042E+04
230			-6.3045E+04
235			-6.3166E+04
240			-6.3236E+04
245			-6.3326E+04
250			-6.3391E+04
255			-6.3395E+04
260			-6.3457E+04
265			-6.3498E+04
270			-6.3679E+04
275			-6.3849E+04
280			-6.3852E+04
285			-6.4024E+04
290			-6.4101E+04
295			-6.4161E+04
300			-6.4207E+04
305			-6.4209E+04
310			-6.4251E+04
315			-6.4283E+04
320			-6.4445E+04
325			-6.4623E+04
330			-6.4626E+04
335			-6.4776E+04
340			-6.4847E+04
345			-6.4899E+04
350			-6.4926E+04
355			-6.4928E+04
360			-6.4954E+04
365			-6.5000E+04
370			-6.5092E+04
375			-6.5255E+04
380			-6.5257E+04
385			-6.5335E+04
390			-6.5377E+04
395			-6.5417E+04
400			-6.5439E+04
405			-6.5442E+04
410			-6.5466E+04
415			-6.5489E+04
420			-6.5566E+04
425			-6.5615E+04
430			-6.5618E+04
435			-6.5687E+04
440			-6.5722E+04
445			-6.5756E+04
450			-6.5775E+04
455			-6.5778E+04
460			-6.5799E+04
465			-6.5822E+04
470			-6.5887E+04
475			-6.5929E+04
480			-6.5931E+04
485			-6.5993E+04
490			-6.6025E+04
495			-6.6049E+04
500			-6.6063E+04
500			-6.6063E+04
