1			-6.6245E+04
5			-6.6263E+04
10			-6.6303E+04
15			-6.6375E+04
20			-6.6474E+04
25			-6.6504E+04
30			-6.6525E+04
35			-6.6552E+04
40			-6.6560E+04
45			-6.6577E+04
50			-6.6605E+04
55			-6.6619E+04
60			-6.6635E+04
65			-6.6649E+04
70			-6.6664E+04
75			-6.6678E+04
80			-6.6689E+04
85			-6.6702E+04
90			-6.6714E+04
95			-6.6726E+04
100			-6.6737E+04
105			-6.6753E+04
110			-6.6989E+04
115			-6.7108E+04
120			-6.7159E+04
125			-6.7230E+04
130			-6.7232E+04
135			-6.7283E+04
140			-6.7339E+04
145			-6.7409E+04
150			-6.7439E+04
155			-6.7441E+04
160			-6.7463E+04
165			-6.7494E+04
170			-6.7520E+04
175			-6.7556E+04
180			-6.7558E+04
185			-6.7581E+04
190			-6.7600E+04
195			-6.7624E+04
200			-6.7641E+04
205			-6.7643E+04
210			-6.7660E+04
215			-6.7681E+04
220			-6.7699E+04
225			-6.7726E+04
230			-6.7727E+04
235			-6.7751E+04
240			-6.7772E+04
245			-6.7784E+04
250			-6.7805E+04
255			-6.7807E+04
260			-6.7818E+04
265			-6.7829E+04
270			-6.7885E+04
275			-6.7952E+04
280			-6.7955E+04
285			-6.8012E+04
290			-6.8051E+04
295			-6.8066E+04
300			-6.8076E+04
305			-6.8077E+04
310			-6.8085E+04
315			-6.8097E+04
320			-6.8143E+04
325			-6.8211E+04
330			-6.8213E+04
335			-6.8254E+04
340			-6.8280E+04
345			-6.8293E+04
350			-6.8301E+04
355			-6.8302E+04
360			-6.8308E+04
365			-6.8322E+04
370			-6.8342E+04
375			-6.8372E+04
380			-6.8373E+04
385			-6.8397E+04
390			-6.8410E+04
395			-6.8419E+04
400			-6.8424E+04
405			-6.8426E+04
410			-6.8432E+04
415			-6.8443E+04
420			-6.8458E+04
425			-6.8483E+04
430			-6.8484E+04
435			-6.8505E+04
440			-6.8519E+04
445			-6.8524E+04
450			-6.8532E+04
455			-6.8534E+04
460			-6.8538E+04
465			-6.8548E+04
470			-6.8593E+04
475			-6.8641E+04
480			-6.8643E+04
485			-6.8681E+04
490			-6.8694E+04
495			-6.8701E+04
500			-6.8708E+04
500			-6.8708E+04
