       0.000           0.0000
       1.000         368.0518
       2.000         686.5967
       3.000        1035.5653
       4.000        1422.1918
       5.000        1753.6532
       6.000        2092.8796
       7.000        2460.1985
       8.000        2833.3232
       9.000        3182.7236
      10.000        3549.5315
      11.000        3850.6360
      12.000        4255.9185
      13.000        4667.2920
      14.000        4947.7563
      15.000        5353.7939
      16.000        5703.1978
      17.000        6034.4971
      18.000        6449.1992
      19.000        6813.5654
      20.000        7047.9004
      21.000        7241.0513
      22.000        7523.1929
      23.000        7687.5122
      24.000        7889.0762
      25.000        8023.0059
      26.000        8257.7549
      27.000        8354.9551
      28.000        8585.4414
      29.000        8723.7031
      30.000        8968.2305
      31.000        9179.4629
      32.000        9265.5967
      33.000        9448.0811
      34.000        9673.1572
      35.000        9742.0049
      36.000        9872.4053
      37.000       10174.8457
      38.000       10400.3975
      39.000       10648.9746
      40.000       10807.3555
      41.000       10776.0264
      42.000       10744.8252
      43.000       10672.2666
      44.000       10763.9512
      45.000       10741.7451
      46.000       10773.5264
      47.000       10708.0059
      48.000       10679.4336
      49.000       10622.7051
      50.000       10682.4922
      51.000       10697.6807
      52.000       10675.3145
      53.000       10871.4277
      54.000       10753.3506
      55.000       10734.8486
      56.000       10576.6455
      57.000       10731.7393
      58.000       10727.3994
      59.000       10832.8008
      60.000       10774.4717
      61.000       10794.5381
      62.000       10658.1475
      63.000       10686.7275
      64.000       10664.1299
      65.000       10702.5820
      66.000       10511.5225
      67.000       10716.4580
      68.000       10793.2920
      69.000       10725.0312
      70.000       10711.1660
      71.000       10734.8750
      72.000       10756.8457
      73.000       10833.0322
      74.000       10924.6348
      75.000       10641.8740
      76.000       10674.3203
      77.000       10940.0303
      78.000       10822.3594
      79.000       10594.4219
      80.000       10763.4336
      81.000       10707.5127
      82.000       10657.8184
      83.000       10787.5801
      84.000       10557.0479
      85.000       10719.6104
      86.000       10753.2490
      87.000       10663.9219
      88.000       10644.0537
      89.000       10694.7656
      90.000       10718.4229
      91.000       10766.9355
      92.000       10774.9092
      93.000       10737.8652
      94.000       10655.7979
      95.000       10650.9717
      96.000       10730.0869
      97.000       10734.3984
      98.000       10831.9766
      99.000       10716.3018
     100.000       10725.5244
     101.000       10752.2275
     102.000       10773.2822
     103.000       10786.6133
     104.000       10641.7520
     105.000       10699.5840
     106.000       10814.1768
     107.000       10765.0527
     108.000       10687.2021
     109.000       10706.4258
     110.000       10776.2412
     111.000       10715.9707
     112.000       10802.5967
     113.000       10891.8984
     114.000       10727.4688
     115.000       10811.0156
     116.000       10669.1211
     117.000       10831.4883
     118.000       10793.6123
     119.000       10744.4893
     120.000       10959.8906
     121.000       10735.7637
     122.000       10658.7939
     123.000       10731.1465
     124.000       10604.9570
     125.000       10708.1602
     126.000       10689.0781
     127.000       10765.0508
     128.000       10873.7842
     129.000       10682.1211
     130.000       10748.3428
     131.000       10597.3154
     132.000       10647.1348
     133.000       10735.7129
     134.000       10768.2930
     135.000       10816.6074
     136.000       10774.5605
     137.000       10806.9414
     138.000       10632.2520
     139.000       10763.2520
     140.000       10789.1133
