       0.000      -70770.0338
       1.000      -62684.9846
       2.000      -62924.1188
       3.000      -62870.2313
       4.000      -62694.1531
       5.000      -62544.2195
       6.000      -62329.2528
       7.000      -62043.2746
       8.000      -61837.5959
       9.000      -61538.7566
      10.000      -61269.0675
      11.000      -60989.8827
      12.000      -60718.5273
      13.000      -60344.1990
      14.000      -59991.3549
      15.000      -59646.9213
      16.000      -59263.0287
      17.000      -58934.2074
      18.000      -58553.3886
      19.000      -57945.5273
      20.000      -57458.2410
      21.000      -57145.5530
      22.000      -56938.5029
      23.000      -56737.3469
      24.000      -56414.2397
      25.000      -56246.2499
      26.000      -55891.6133
      27.000      -55526.3909
      28.000      -55295.4577
      29.000      -54941.3198
      30.000      -54467.6245
      31.000      -54017.2372
      32.000      -53743.4032
      33.000      -53269.3538
      34.000      -53014.5884
      35.000      -52800.2907
      36.000      -52199.7175
      37.000      -51997.0524
      38.000      -51478.1132
      39.000      -51214.8977
      40.000      -50838.1884
      41.000      -50679.1531
      42.000      -50644.5466
      43.000      -50556.5995
      44.000      -50698.9704
      45.000      -50772.9379
      46.000      -50833.4806
      47.000      -50534.6395
      48.000      -50746.2115
      49.000      -50675.9273
      50.000      -50807.7627
      51.000      -50672.9821
      52.000      -50530.0254
      53.000      -50677.9406
      54.000      -50608.7647
      55.000      -50778.0848
      56.000      -50546.7627
      57.000      -50653.1636
      58.000      -50885.9815
      59.000      -50805.4839
      60.000      -50666.6153
      61.000      -50657.6168
      62.000      -50835.5366
      63.000      -50663.0478
      64.000      -50775.7368
      65.000      -50770.7884
      66.000      -50991.9409
      67.000      -50913.7051
      68.000      -50850.3823
      69.000      -50903.7697
      70.000      -50860.9277
      71.000      -50691.9827
      72.000      -51018.1680
      73.000      -50987.0045
      74.000      -50955.3426
      75.000      -50842.5232
      76.000      -50801.8733
      77.000      -50778.1315
      78.000      -50939.3173
      79.000      -50930.3006
      80.000      -50775.5766
      81.000      -50837.9037
      82.000      -50837.0594
      83.000      -50972.5740
      84.000      -50980.3429
      85.000      -50930.1785
      86.000      -50849.4454
      87.000      -51020.4346
      88.000      -50985.4322
      89.000      -51090.9704
      90.000      -51212.6701
      91.000      -50939.3222
      92.000      -50907.0773
      93.000      -51034.6316
      94.000      -51004.6554
      95.000      -51044.1552
      96.000      -51145.0717
      97.000      -51010.2348
      98.000      -51029.4157
      99.000      -51329.3378
     100.000      -51227.6429
     101.000      -51073.7984
     102.000      -51005.6424
     103.000      -50917.2833
     104.000      -51064.5866
     105.000      -51001.2279
     106.000      -50873.6347
     107.000      -50956.3359
     108.000      -50884.6220
     109.000      -50977.3171
     110.000      -51287.1368
     111.000      -51120.7096
     112.000      -51153.2871
     113.000      -51001.7503
     114.000      -51182.7416
     115.000      -51007.1816
     116.000      -50958.4433
     117.000      -50909.8982
     118.000      -51106.6863
     119.000      -50922.4548
     120.000      -51123.9129
     121.000      -51032.5707
     122.000      -51001.7364
     123.000      -50923.6532
     124.000      -51163.1760
     125.000      -51123.8360
     126.000      -51166.0601
     127.000      -51148.0951
     128.000      -51151.1578
     129.000      -51361.0274
     130.000      -51208.2924
     131.000      -51181.9391
     132.000      -51235.2826
     133.000      -51392.5629
     134.000      -51251.2788
     135.000      -51192.6655
     136.000      -51207.7552
     137.000      -51192.7866
     138.000      -51252.3294
     139.000      -51290.1169
     140.000      -51370.5652
