       0.000      -70770.0338
       1.000      -62316.9328
       2.000      -62237.5222
       3.000      -61834.6660
       4.000      -61271.9613
       5.000      -60790.5663
       6.000      -60236.3731
       7.000      -59583.0761
       8.000      -59004.2727
       9.000      -58356.0330
      10.000      -57719.5360
      11.000      -57139.2467
      12.000      -56462.6088
      13.000      -55676.9070
      14.000      -55043.5985
      15.000      -54293.1274
      16.000      -53559.8309
      17.000      -52899.7104
      18.000      -52104.1894
      19.000      -51131.9618
      20.000      -50410.3406
      21.000      -49904.5017
      22.000      -49415.3101
      23.000      -49049.8347
      24.000      -48525.1635
      25.000      -48223.2440
      26.000      -47633.8584
      27.000      -47171.4358
      28.000      -46710.0163
      29.000      -46217.6166
      30.000      -45499.3940
      31.000      -44837.7744
      32.000      -44477.8065
      33.000      -43821.2727
      34.000      -43341.4312
      35.000      -43058.2858
      36.000      -42327.3123
      37.000      -41822.2067
      38.000      -41077.7157
      39.000      -40565.9231
      40.000      -40030.8329
      41.000      -39903.1268
      42.000      -39899.7214
      43.000      -39884.3329
      44.000      -39935.0192
      45.000      -40031.1928
      46.000      -40059.9543
      47.000      -39826.6336
      48.000      -40066.7779
      49.000      -40053.2223
      50.000      -40125.2705
      51.000      -39975.3015
      52.000      -39854.7109
      53.000      -39806.5128
      54.000      -39855.4141
      55.000      -40043.2361
      56.000      -39970.1172
      57.000      -39921.4244
      58.000      -40158.5820
      59.000      -39972.6831
      60.000      -39892.1437
      61.000      -39863.0787
      62.000      -40177.3892
      63.000      -39976.3203
      64.000      -40111.6070
      65.000      -40068.2064
      66.000      -40480.4184
      67.000      -40197.2471
      68.000      -40057.0903
      69.000      -40178.7385
      70.000      -40149.7617
      71.000      -39957.1077
      72.000      -40261.3223
      73.000      -40153.9723
      74.000      -40030.7079
      75.000      -40200.6492
      76.000      -40127.5530
      77.000      -39838.1013
      78.000      -40116.9579
      79.000      -40335.8788
      80.000      -40012.1430
      81.000      -40130.3910
      82.000      -40179.2410
      83.000      -40184.9939
      84.000      -40423.2950
      85.000      -40210.5681
      86.000      -40096.1963
      87.000      -40356.5127
      88.000      -40341.3785
      89.000      -40396.2047
      90.000      -40494.2472
      91.000      -40172.3867
      92.000      -40132.1681
      93.000      -40296.7664
      94.000      -40348.8575
      95.000      -40393.1836
      96.000      -40414.9848
      97.000      -40275.8364
      98.000      -40197.4391
      99.000      -40613.0360
     100.000      -40502.1185
     101.000      -40321.5708
     102.000      -40232.3601
     103.000      -40130.6700
     104.000      -40422.8346
     105.000      -40301.6439
     106.000      -40059.4580
     107.000      -40191.2831
     108.000      -40197.4198
     109.000      -40270.8914
     110.000      -40510.8956
     111.000      -40404.7389
     112.000      -40350.6904
     113.000      -40109.8519
     114.000      -40455.2728
     115.000      -40196.1660
     116.000      -40289.3222
     117.000      -40078.4099
     118.000      -40313.0740
     119.000      -40177.9655
     120.000      -40164.0222
     121.000      -40296.8071
     122.000      -40342.9425
     123.000      -40192.5067
     124.000      -40558.2190
     125.000      -40415.6759
     126.000      -40476.9819
     127.000      -40383.0443
     128.000      -40277.3737
     129.000      -40678.9063
     130.000      -40459.9496
     131.000      -40584.6237
     132.000      -40588.1479
     133.000      -40656.8500
     134.000      -40482.9859
     135.000      -40376.0580
     136.000      -40433.1946
     137.000      -40385.8452
     138.000      -40620.0775
     139.000      -40526.8650
     140.000      -40581.4520
