       0.000       0.00
       1.000      10.28
       2.000      19.18
       3.000      28.93
       4.000      39.73
       5.000      48.99
       6.000      58.47
       7.000      68.73
       8.000      79.16
       9.000      88.92
      10.000      99.16
      11.000     107.58
      12.000     118.90
      13.000     130.39
      14.000     138.23
      15.000     149.57
      16.000     159.33
      17.000     168.59
      18.000     180.17
      19.000     190.35
      20.000     196.90
      21.000     202.30
      22.000     210.18
      23.000     214.77
      24.000     220.40
      25.000     224.14
      26.000     230.70
      27.000     233.42
      28.000     239.86
      29.000     243.72
      30.000     250.55
      31.000     256.45
      32.000     258.86
      33.000     263.95
      34.000     270.24
      35.000     272.17
      36.000     275.81
      37.000     284.26
      38.000     290.56
      39.000     297.50
      40.000     301.93
      41.000     301.05
      42.000     300.18
      43.000     298.16
      44.000     300.72
      45.000     300.10
      46.000     300.98
      47.000     299.15
      48.000     298.36
      49.000     296.77
      50.000     298.44
      51.000     298.87
      52.000     298.24
      53.000     303.72
      54.000     300.42
      55.000     299.90
      56.000     295.48
      57.000     299.82
      58.000     299.70
      59.000     302.64
      60.000     301.01
      61.000     301.57
      62.000     297.76
      63.000     298.56
      64.000     297.93
      65.000     299.00
      66.000     293.66
      67.000     299.39
      68.000     301.54
      69.000     299.63
      70.000     299.24
      71.000     299.90
      72.000     300.52
      73.000     302.65
      74.000     305.21
      75.000     297.31
      76.000     298.21
      77.000     305.64
      78.000     302.35
      79.000     295.98
      80.000     300.70
      81.000     299.14
      82.000     297.75
      83.000     301.38
      84.000     294.94
      85.000     299.48
      86.000     300.42
      87.000     297.92
      88.000     297.37
      89.000     298.78
      90.000     299.45
      91.000     300.80
      92.000     301.02
      93.000     299.99
      94.000     297.70
      95.000     297.56
      96.000     299.77
      97.000     299.89
      98.000     302.62
      99.000     299.39
     100.000     299.64
     101.000     300.39
     102.000     300.98
     103.000     301.35
     104.000     297.30
     105.000     298.92
     106.000     302.12
     107.000     300.75
     108.000     298.57
     109.000     299.11
     110.000     301.06
     111.000     299.38
     112.000     301.80
     113.000     304.29
     114.000     299.70
     115.000     302.03
     116.000     298.07
     117.000     302.60
     118.000     301.55
     119.000     300.17
     120.000     306.19
     121.000     299.93
     122.000     297.78
     123.000     299.80
     124.000     296.28
     125.000     299.16
     126.000     298.63
     127.000     300.75
     128.000     303.79
     129.000     298.43
     130.000     300.28
     131.000     296.06
     132.000     297.45
     133.000     299.93
     134.000     300.84
     135.000     302.19
     136.000     301.01
     137.000     301.92
     138.000     297.04
     139.000     300.70
     140.000     301.42
