1			-4.4182E+04
5			-4.4882E+04
10			-4.6129E+04
15			-4.7610E+04
20			-4.9507E+04
25			-5.1689E+04
30			-5.3562E+04
35			-5.3992E+04
40			-5.4522E+04
45			-5.5317E+04
50			-5.5707E+04
55			-5.6057E+04
60			-5.6304E+04
65			-5.6577E+04
70			-5.6816E+04
75			-5.7115E+04
80			-5.7225E+04
85			-5.7416E+04
90			-5.7712E+04
95			-5.7864E+04
100			-5.8038E+04
105			-5.8149E+04
110			-5.9450E+04
115			-6.0098E+04
120			-6.0581E+04
125			-6.0880E+04
130			-6.0884E+04
135			-6.1194E+04
140			-6.1563E+04
145			-6.1813E+04
150			-6.1988E+04
155			-6.1991E+04
160			-6.2193E+04
165			-6.2307E+04
170			-6.2541E+04
175			-6.2669E+04
180			-6.2672E+04
185			-6.2759E+04
190			-6.2832E+04
195			-6.3068E+04
200			-6.3257E+04
205			-6.3260E+04
210			-6.3401E+04
215			-6.3499E+04
220			-6.3623E+04
225			-6.3679E+04
230			-6.3681E+04
235			-6.3750E+04
240			-6.3837E+04
245			-6.3917E+04
250			-6.4084E+04
255			-6.4090E+04
260			-6.4207E+04
265			-6.4241E+04
270			-6.4343E+04
275			-6.4425E+04
280			-6.4427E+04
285			-6.4500E+04
290			-6.4551E+04
295			-6.4621E+04
300			-6.4675E+04
305			-6.4677E+04
310			-6.4727E+04
315			-6.4770E+04
320			-6.4855E+04
325			-6.4899E+04
330			-6.4902E+04
335			-6.4957E+04
340			-6.5006E+04
345			-6.5063E+04
350			-6.5102E+04
355			-6.5104E+04
360			-6.5148E+04
365			-6.5187E+04
370			-6.5255E+04
375			-6.5287E+04
380			-6.5290E+04
385			-6.5335E+04
390			-6.5376E+04
395			-6.5424E+04
400			-6.5457E+04
405			-6.5460E+04
410			-6.5499E+04
415			-6.5532E+04
420			-6.5589E+04
425			-6.5615E+04
430			-6.5618E+04
435			-6.5655E+04
440			-6.5691E+04
445			-6.5733E+04
450			-6.5765E+04
455			-6.5767E+04
460			-6.5804E+04
465			-6.5833E+04
470			-6.5883E+04
475			-6.5905E+04
480			-6.5907E+04
485			-6.5938E+04
490			-6.5970E+04
495			-6.6007E+04
500			-6.6037E+04
500			-6.6037E+04
