1			-6.6239E+04
5			-6.6260E+04
10			-6.6305E+04
15			-6.6386E+04
20			-6.6514E+04
25			-6.6544E+04
30			-6.6568E+04
35			-6.6597E+04
40			-6.6607E+04
45			-6.6626E+04
50			-6.6656E+04
55			-6.6672E+04
60			-6.6689E+04
65			-6.6706E+04
70			-6.6721E+04
75			-6.6737E+04
80			-6.6752E+04
85			-6.6764E+04
90			-6.6778E+04
95			-6.6792E+04
100			-6.6805E+04
105			-6.6892E+04
110			-6.7210E+04
115			-6.7271E+04
120			-6.7364E+04
125			-6.7430E+04
130			-6.7432E+04
135			-6.7482E+04
140			-6.7513E+04
145			-6.7557E+04
150			-6.7605E+04
155			-6.7607E+04
160			-6.7634E+04
165			-6.7652E+04
170			-6.7682E+04
175			-6.7709E+04
180			-6.7711E+04
185			-6.7738E+04
190			-6.7757E+04
195			-6.7779E+04
200			-6.7797E+04
205			-6.7799E+04
210			-6.7819E+04
215			-6.7839E+04
220			-6.7860E+04
225			-6.7909E+04
230			-6.7910E+04
235			-6.7937E+04
240			-6.7954E+04
245			-6.7976E+04
250			-6.7990E+04
255			-6.7992E+04
260			-6.8009E+04
265			-6.8030E+04
270			-6.8047E+04
275			-6.8089E+04
280			-6.8091E+04
285			-6.8115E+04
290			-6.8131E+04
295			-6.8150E+04
300			-6.8161E+04
305			-6.8163E+04
310			-6.8177E+04
315			-6.8188E+04
320			-6.8213E+04
325			-6.8232E+04
330			-6.8235E+04
335			-6.8259E+04
340			-6.8275E+04
345			-6.8291E+04
350			-6.8301E+04
355			-6.8303E+04
360			-6.8316E+04
365			-6.8326E+04
370			-6.8350E+04
375			-6.8369E+04
380			-6.8371E+04
385			-6.8393E+04
390			-6.8408E+04
395			-6.8423E+04
400			-6.8431E+04
405			-6.8433E+04
410			-6.8444E+04
415			-6.8460E+04
420			-6.8475E+04
425			-6.8511E+04
430			-6.8512E+04
435			-6.8533E+04
440			-6.8546E+04
445			-6.8559E+04
450			-6.8567E+04
455			-6.8568E+04
460			-6.8578E+04
465			-6.8592E+04
470			-6.8606E+04
475			-6.8642E+04
480			-6.8643E+04
485			-6.8663E+04
490			-6.8674E+04
495			-6.8687E+04
500			-6.8694E+04
500			-6.8694E+04
