36
55
70
85
104
126
140
164
183
200
214
229
246
257
273
283
305
319
334
348
355
374
386
403
420
442
452
466
478
494
513
528
535
549
568
580
596
611
623
645
667
683
700
719
740
751
766
776
795
814
836
850
870
884
903
922
934
956
970
984
1000
1020
1050
1056
1073
1080
1099
1121
1131
1147
1164
1179
1198
1217
1236
1248
1263
1277
1288
1304
1326
1343
1362
1378
1389
1401
1411
1422
1436
1455
1466
1481
1496
1518
1524
1541
1560
1582
1592
1603
1625
1644
1660
1677
1687
1703
1714
1736
1757
1779
1793
1810
1832
1843
