       0.000           0.0000
       1.000         360.1940
       2.000         712.9274
       3.000        1050.6516
       4.000        1410.7549
       5.000        1759.8163
       6.000        2146.9492
       7.000        2521.8386
       8.000        2875.0500
       9.000        3242.3706
      10.000        3586.1245
      11.000        3940.8123
      12.000        4269.8042
      13.000        4664.9053
      14.000        5064.8154
      15.000        5422.3853
      16.000        5760.6899
      17.000        6104.1812
      18.000        6438.7598
      19.000        6805.6255
      20.000        7113.5562
      21.000        7413.1025
      22.000        7540.3765
      23.000        7736.4004
      24.000        7911.9863
      25.000        7945.3701
      26.000        8321.7520
      27.000        8493.7256
      28.000        8650.8965
      29.000        8920.2266
      30.000        9193.6855
      31.000        9040.6865
      32.000        9436.5967
      33.000        9493.7295
      34.000        9735.7197
      35.000        9873.8369
      36.000       10017.7109
      37.000       10246.2373
      38.000       10308.2246
      39.000       10711.4883
      40.000       10961.3457
      41.000       10777.2275
      42.000       10742.2461
      43.000       10743.1650
      44.000       10921.0146
      45.000       10877.6318
      46.000       10876.0498
      47.000       10749.3691
      48.000       10678.3809
      49.000       10940.8975
      50.000       10984.1035
      51.000       10888.9844
      52.000       10757.4551
      53.000       10902.5332
      54.000       10794.8818
      55.000       10940.9521
      56.000       10830.6445
      57.000       10909.7529
      58.000       10888.6133
      59.000       10793.2012
      60.000       10706.8301
      61.000       10824.7178
      62.000       10774.9277
      63.000       10689.7871
      64.000       10800.1699
      65.000       10866.7959
      66.000       10873.7305
      67.000       10799.4229
      68.000       10880.4160
      69.000       10786.6729
      70.000       10691.9326
      71.000       10769.9883
      72.000       10778.7041
      73.000       10806.0234
      74.000       10791.4902
      75.000       10790.3369
      76.000       10827.8105
      77.000       10952.4053
      78.000       10786.1475
      79.000       10919.4727
      80.000       10934.3750
      81.000       10884.1064
      82.000       10797.6367
      83.000       10953.3066
      84.000       10686.5898
      85.000       10961.3301
      86.000       10730.1787
      87.000       10748.2432
      88.000       10690.6504
      89.000       10958.7930
      90.000       10920.7207
      91.000       10911.2090
      92.000       10928.7344
      93.000       10781.2090
      94.000       10910.0723
      95.000       10803.7812
      96.000       10849.2656
      97.000       10745.0508
      98.000       10704.2715
      99.000       10878.0518
     100.000       10758.4893
     101.000       10732.0488
     102.000       10795.7422
     103.000       10822.9434
     104.000       10862.4932
     105.000       10586.9424
     106.000       10820.1123
     107.000       10773.2373
     108.000       10837.9980
     109.000       10778.6992
     110.000       10793.7227
     111.000       10908.5332
     112.000       10854.4375
     113.000       10868.4043
     114.000       10850.2842
     115.000       11017.3594
     116.000       10891.9434
     117.000       10769.7451
     118.000       10760.3008
     119.000       10848.7207
     120.000       10947.2490
     121.000       10783.2695
     122.000       10761.6025
     123.000       10744.2666
     124.000       10734.6533
     125.000       10701.8525
     126.000       10812.3320
     127.000       10681.2578
     128.000       10699.2129
     129.000       10835.5439
     130.000       10810.6611
     131.000       10820.8740
     132.000       10850.8447
     133.000       10859.1289
     134.000       10927.0020
     135.000       10861.2979
     136.000       10840.2988
     137.000       10983.0254
     138.000       10946.5625
     139.000       10918.3232
     140.000       10820.6367
