       0.000      -72147.5001
       1.000      -63458.9373
       2.000      -63645.6572
       3.000      -63555.6448
       4.000      -63409.9343
       5.000      -63247.9849
       6.000      -63036.6247
       7.000      -62841.7070
       8.000      -62590.0848
       9.000      -62219.8213
      10.000      -61909.9726
      11.000      -61711.9905
      12.000      -61333.1382
      13.000      -61053.7506
      14.000      -60726.2667
      15.000      -60329.9637
      16.000      -59938.1570
      17.000      -59638.7411
      18.000      -59178.0567
      19.000      -58741.7785
      20.000      -58169.5852
      21.000      -57936.6102
      22.000      -57654.3934
      23.000      -57225.9117
      24.000      -56935.5804
      25.000      -56723.0095
      26.000      -56386.1454
      27.000      -56254.6097
      28.000      -55779.5209
      29.000      -55786.2426
      30.000      -55219.9403
      31.000      -54756.5448
      32.000      -54464.9114
      33.000      -54131.5743
      34.000      -53640.3851
      35.000      -53382.5378
      36.000      -52903.5597
      37.000      -52616.0826
      38.000      -52144.8094
      39.000      -51750.4802
      40.000      -51512.4837
      41.000      -51420.5295
      42.000      -51397.7328
      43.000      -51317.3810
      44.000      -51552.5091
      45.000      -51552.1957
      46.000      -51194.9774
      47.000      -51368.0679
      48.000      -51446.8847
      49.000      -51462.3088
      50.000      -51401.6382
      51.000      -51479.2054
      52.000      -51310.9663
      53.000      -51238.9188
      54.000      -51301.4496
      55.000      -51490.7103
      56.000      -51251.5574
      57.000      -51279.4171
      58.000      -51488.2749
      59.000      -51244.8862
      60.000      -51492.5586
      61.000      -51505.3455
      62.000      -51306.8803
      63.000      -51378.6432
      64.000      -51598.6952
      65.000      -51509.2299
      66.000      -51593.5524
      67.000      -51327.5880
      68.000      -51439.1912
      69.000      -51471.0886
      70.000      -51327.9232
      71.000      -51450.4289
      72.000      -51598.3691
      73.000      -51340.4152
      74.000      -51648.2382
      75.000      -51481.9268
      76.000      -51629.3678
      77.000      -51556.0725
      78.000      -51461.7643
      79.000      -51615.1818
      80.000      -51556.2283
      81.000      -51626.9646
      82.000      -51423.5807
      83.000      -51422.3494
      84.000      -51445.5946
      85.000      -51518.3911
      86.000      -51582.0092
      87.000      -51594.8885
      88.000      -51507.4650
      89.000      -51672.9373
      90.000      -51527.7715
      91.000      -51711.0439
      92.000      -51562.5127
      93.000      -51645.7836
      94.000      -51664.4152
      95.000      -51744.7403
      96.000      -51814.4057
      97.000      -51548.5473
      98.000      -51771.6372
      99.000      -51689.8763
     100.000      -51664.2788
     101.000      -51591.9587
     102.000      -51932.1520
     103.000      -51643.4364
     104.000      -51726.2451
     105.000      -51920.5199
     106.000      -51685.7334
     107.000      -51556.0294
     108.000      -51570.8939
     109.000      -51623.4746
     110.000      -51653.3706
     111.000      -51622.4522
     112.000      -51734.6736
     113.000      -51545.0625
     114.000      -51593.0414
     115.000      -51627.4256
     116.000      -51574.3234
     117.000      -51497.6442
     118.000      -51526.4244
     119.000      -51718.8966
     120.000      -51726.8825
     121.000      -51663.2303
     122.000      -51544.8941
     123.000      -51740.1116
     124.000      -51690.7041
     125.000      -51712.9691
     126.000      -51804.8119
     127.000      -51993.6134
     128.000      -51718.3397
     129.000      -51842.2633
     130.000      -51694.9088
     131.000      -51796.5495
     132.000      -52032.2347
     133.000      -52056.6640
     134.000      -51947.0561
     135.000      -51810.3577
     136.000      -51791.5070
     137.000      -52010.2108
     138.000      -51915.2813
     139.000      -51907.6611
     140.000      -51657.5114
