       0.000      -72147.5001
       1.000      -63098.7433
       2.000      -62932.7297
       3.000      -62504.9932
       4.000      -61999.1794
       5.000      -61488.1686
       6.000      -60889.6755
       7.000      -60319.8683
       8.000      -59715.0347
       9.000      -58977.4507
      10.000      -58323.8481
      11.000      -57771.1783
      12.000      -57063.3340
      13.000      -56388.8453
      14.000      -55661.4513
      15.000      -54907.5785
      16.000      -54177.4671
      17.000      -53534.5600
      18.000      -52739.2970
      19.000      -51936.1530
      20.000      -51056.0290
      21.000      -50523.5076
      22.000      -50114.0169
      23.000      -49489.5113
      24.000      -49023.5941
      25.000      -48777.6394
      26.000      -48064.3935
      27.000      -47760.8841
      28.000      -47128.6244
      29.000      -46866.0160
      30.000      -46026.2548
      31.000      -45715.8583
      32.000      -45028.3147
      33.000      -44637.8448
      34.000      -43904.6654
      35.000      -43508.7008
      36.000      -42885.8487
      37.000      -42369.8453
      38.000      -41836.5848
      39.000      -41038.9920
      40.000      -40551.1380
      41.000      -40643.3020
      42.000      -40655.4867
      43.000      -40574.2159
      44.000      -40631.4944
      45.000      -40674.5638
      46.000      -40318.9276
      47.000      -40618.6987
      48.000      -40768.5038
      49.000      -40521.4114
      50.000      -40417.5347
      51.000      -40590.2210
      52.000      -40553.5112
      53.000      -40336.3856
      54.000      -40506.5678
      55.000      -40549.7582
      56.000      -40420.9129
      57.000      -40369.6642
      58.000      -40599.6616
      59.000      -40451.6851
      60.000      -40785.7285
      61.000      -40680.6278
      62.000      -40531.9526
      63.000      -40688.8561
      64.000      -40798.5252
      65.000      -40642.4340
      66.000      -40719.8219
      67.000      -40528.1651
      68.000      -40558.7752
      69.000      -40684.4157
      70.000      -40635.9905
      71.000      -40680.4407
      72.000      -40819.6650
      73.000      -40534.3918
      74.000      -40856.7480
      75.000      -40691.5899
      76.000      -40801.5573
      77.000      -40603.6672
      78.000      -40675.6168
      79.000      -40695.7091
      80.000      -40621.8533
      81.000      -40742.8581
      82.000      -40625.9439
      83.000      -40469.0428
      84.000      -40759.0047
      85.000      -40557.0610
      86.000      -40851.8305
      87.000      -40846.6453
      88.000      -40816.8146
      89.000      -40714.1443
      90.000      -40607.0508
      91.000      -40799.8349
      92.000      -40633.7784
      93.000      -40864.5746
      94.000      -40754.3429
      95.000      -40940.9591
      96.000      -40965.1401
      97.000      -40803.4965
      98.000      -41067.3657
      99.000      -40811.8246
     100.000      -40905.7895
     101.000      -40859.9099
     102.000      -41136.4098
     103.000      -40820.4930
     104.000      -40863.7520
     105.000      -41333.5775
     106.000      -40865.6211
     107.000      -40782.7921
     108.000      -40732.8958
     109.000      -40844.7754
     110.000      -40859.6480
     111.000      -40713.9190
     112.000      -40880.2361
     113.000      -40676.6582
     114.000      -40742.7572
     115.000      -40610.0662
     116.000      -40682.3801
     117.000      -40727.8991
     118.000      -40766.1237
     119.000      -40870.1759
     120.000      -40779.6335
     121.000      -40879.9608
     122.000      -40783.2915
     123.000      -40995.8450
     124.000      -40956.0508
     125.000      -41011.1165
     126.000      -40992.4799
     127.000      -41312.3556
     128.000      -41019.1268
     129.000      -41006.7194
     130.000      -40884.2477
     131.000      -40975.6755
     132.000      -41181.3899
     133.000      -41197.5351
     134.000      -41020.0541
     135.000      -40949.0599
     136.000      -40951.2082
     137.000      -41027.1854
     138.000      -40968.7188
     139.000      -40989.3378
     140.000      -40836.8746
