       0.000       0.00
       1.000       9.96
       2.000      19.72
       3.000      29.06
       4.000      39.03
       5.000      48.68
       6.000      59.39
       7.000      69.76
       8.000      79.53
       9.000      89.69
      10.000      99.20
      11.000     109.02
      12.000     118.12
      13.000     129.05
      14.000     140.11
      15.000     150.00
      16.000     159.36
      17.000     168.86
      18.000     178.12
      19.000     188.27
      20.000     196.78
      21.000     205.07
      22.000     208.59
      23.000     214.01
      24.000     218.87
      25.000     219.79
      26.000     230.21
      27.000     234.96
      28.000     239.31
      29.000     246.76
      30.000     254.33
      31.000     250.10
      32.000     261.05
      33.000     262.63
      34.000     269.32
      35.000     273.14
      36.000     277.12
      37.000     283.44
      38.000     285.16
      39.000     296.31
      40.000     303.23
      41.000     298.13
      42.000     297.17
      43.000     297.19
      44.000     302.11
      45.000     300.91
      46.000     300.87
      47.000     297.36
      48.000     295.40
      49.000     302.66
      50.000     303.86
      51.000     301.23
      52.000     297.59
      53.000     301.60
      54.000     298.62
      55.000     302.66
      56.000     299.61
      57.000     301.80
      58.000     301.21
      59.000     298.58
      60.000     296.19
      61.000     299.45
      62.000     298.07
      63.000     295.71
      64.000     298.77
      65.000     300.61
      66.000     300.80
      67.000     298.75
      68.000     300.99
      69.000     298.39
      70.000     295.77
      71.000     297.93
      72.000     298.17
      73.000     298.93
      74.000     298.53
      75.000     298.50
      76.000     299.53
      77.000     302.98
      78.000     298.38
      79.000     302.07
      80.000     302.48
      81.000     301.09
      82.000     298.70
      83.000     303.00
      84.000     295.63
      85.000     303.23
      86.000     296.83
      87.000     297.33
      88.000     295.74
      89.000     303.16
      90.000     302.10
      91.000     301.84
      92.000     302.32
      93.000     298.24
      94.000     301.81
      95.000     298.87
      96.000     300.13
      97.000     297.24
      98.000     296.12
      99.000     300.92
     100.000     297.62
     101.000     296.88
     102.000     298.65
     103.000     299.40
     104.000     300.49
     105.000     292.87
     106.000     299.32
     107.000     298.02
     108.000     299.81
     109.000     298.17
     110.000     298.59
     111.000     301.77
     112.000     300.27
     113.000     300.66
     114.000     300.15
     115.000     304.78
     116.000     301.31
     117.000     297.93
     118.000     297.67
     119.000     300.11
     120.000     302.84
     121.000     298.30
     122.000     297.70
     123.000     297.22
     124.000     296.96
     125.000     296.05
     126.000     299.10
     127.000     295.48
     128.000     295.98
     129.000     299.75
     130.000     299.06
     131.000     299.34
     132.000     300.17
     133.000     300.40
     134.000     302.28
     135.000     300.46
     136.000     299.88
     137.000     303.83
     138.000     302.82
     139.000     302.04
     140.000     299.33
