#Atom       AtomicFlx
   5.000       1.5872
  22.000       1.3216
  36.000       0.9683
  55.000       1.1429
  70.000       0.8973
  85.000       0.6204
 104.000       0.8230
 126.000       0.9090
 140.000       0.7622
 164.000       0.6596
 183.000       0.7675
 200.000       0.7885
 214.000       0.6231
 229.000       0.6138
 246.000       0.7661
 257.000       0.7547
 273.000       0.6103
 283.000       0.6614
 305.000       0.8752
 319.000       0.8917
 334.000       0.8149
 348.000       1.2419
 355.000       0.8015
 374.000       0.8783
 386.000       0.9132
 403.000       0.8551
 420.000       0.6830
 442.000       0.5905
 452.000       0.6294
 466.000       0.5821
 478.000       0.5240
 494.000       0.5540
 513.000       0.5859
 528.000       0.5992
 535.000       0.6298
 549.000       0.6560
 568.000       0.8005
 580.000       0.8020
 596.000       0.9579
 611.000       0.7481
 623.000       0.6507
 645.000       0.6052
 667.000       0.4641
 683.000       0.4068
 700.000       0.4727
 719.000       0.4060
 740.000       0.3949
 751.000       0.4272
 766.000       0.4667
 776.000       0.4738
 795.000       0.4116
 814.000       0.4696
 836.000       0.5250
 850.000       0.5055
 870.000       0.5715
 884.000       0.5011
 903.000       0.5725
 922.000       0.9707
 934.000       1.2895
 956.000       1.3443
 970.000       1.0246
 984.000       0.8899
1000.000       0.6448
1020.000       0.5454
1050.000       0.6854
1056.000       0.8097
1073.000       0.7358
1080.000       0.6178
1099.000       0.6690
1121.000       0.8154
1131.000       0.7575
1147.000       0.5696
1164.000       0.6376
1179.000       0.7477
1198.000       0.7591
1217.000       0.7293
1236.000       0.8145
1248.000       0.8901
1263.000       0.8343
1277.000       0.6496
1288.000       0.5435
1304.000       0.6057
1326.000       0.5603
1343.000       0.4753
1362.000       0.5310
1378.000       0.5871
1389.000       0.5292
1401.000       0.5079
1411.000       0.7294
1422.000       0.8137
1436.000       0.6902
1455.000       1.2565
1466.000       0.9697
1481.000       1.4598
1496.000       0.9104
1518.000       0.7580
1524.000       0.6653
1541.000       0.4984
1560.000       0.4448
1582.000       0.4270
1592.000       0.3674
1603.000       0.3833
1625.000       0.3772
1644.000       0.3779
1660.000       0.4098
1677.000       0.4283
1687.000       0.4319
1703.000       0.4643
1714.000       0.5587
1736.000       0.5537
1757.000       0.5540
1779.000       0.5129
1793.000       0.5486
1810.000       0.6161
1832.000       0.7999
1843.000       0.9020
1859.000       1.2073
1871.000       1.5003
1891.000       3.0243
