#Atom       AtomicFlx
   5.000       1.6310
  22.000       1.3391
  36.000       1.0682
  55.000       1.3014
  70.000       1.0594
  85.000       0.7653
 104.000       0.9772
 126.000       1.0971
 140.000       1.0719
 164.000       0.9070
 183.000       0.9371
 200.000       0.9990
 214.000       0.9645
 229.000       0.8284
 246.000       0.8731
 257.000       0.8566
 273.000       0.7118
 283.000       0.6786
 305.000       1.0108
 319.000       1.1299
 334.000       0.8694
 348.000       0.8255
 355.000       0.7390
 374.000       0.8237
 386.000       0.9711
 403.000       1.0139
 420.000       0.7919
 442.000       0.7237
 452.000       0.8771
 466.000       0.8443
 478.000       0.7708
 494.000       0.8252
 513.000       0.7857
 528.000       0.8298
 535.000       1.1775
 549.000       1.5525
 568.000       1.3788
 580.000       1.7616
 596.000       1.5911
 611.000       1.0919
 623.000       0.9276
 645.000       0.8260
 667.000       0.6153
 683.000       0.5926
 693.000       0.5570
 712.000       0.4677
 733.000       0.5002
 744.000       0.4745
 759.000       0.4923
 769.000       0.5091
 788.000       0.4549
 807.000       0.5063
 829.000       0.5733
 843.000       0.5796
 863.000       0.6241
 877.000       0.5341
 896.000       0.5946
 915.000       0.8685
 927.000       1.1846
 949.000       1.1495
 963.000       0.9425
 977.000       0.8005
 993.000       0.6160
1013.000       0.5393
1043.000       0.6861
1049.000       0.8182
1066.000       0.7540
1073.000       0.6640
1092.000       0.7109
1114.000       0.7972
1124.000       0.7768
1140.000       0.6207
1157.000       0.6551
1172.000       0.8007
1191.000       0.7359
1210.000       0.6559
1229.000       0.7512
1241.000       0.8305
1256.000       0.8312
1270.000       0.6491
1281.000       0.5487
1297.000       0.6199
1319.000       0.5875
1336.000       0.4876
1355.000       0.5401
1371.000       0.6008
1382.000       0.5322
1394.000       0.5290
1404.000       0.7636
1415.000       0.8380
1429.000       0.8065
1448.000       1.6670
1459.000       1.2441
1474.000       1.9855
1489.000       1.0968
1511.000       0.9185
1517.000       0.8572
1527.000       0.7998
1546.000       0.6102
1568.000       0.5572
1578.000       0.6881
1589.000       0.5850
1611.000       0.4423
1630.000       0.5188
1646.000       0.5320
1663.000       0.4561
1673.000       0.5193
1689.000       0.6289
1700.000       0.6213
1722.000       0.5665
1743.000       0.5756
1765.000       0.6012
1779.000       0.7909
1796.000       0.9145
1818.000       0.7955
1829.000       0.9551
1845.000       1.4241
1857.000       1.7394
1877.000       2.5239
