       0.000           0.0000
       1.000         361.0123
       2.000         700.9724
       3.000        1048.8518
       4.000        1405.1155
       5.000        1790.4370
       6.000        2105.3608
       7.000        2480.7024
       8.000        2825.7495
       9.000        3186.5830
      10.000        3578.4868
      11.000        3931.7791
      12.000        4299.5552
      13.000        4571.8970
      14.000        4931.3828
      15.000        5279.7998
      16.000        5726.2227
      17.000        5982.0537
      18.000        6399.6719
      19.000        6690.0386
      20.000        7096.1089
      21.000        7353.5757
      22.000        7401.6865
      23.000        7704.2847
      24.000        7930.3965
      25.000        8022.3940
      26.000        8123.6147
      27.000        8433.5645
      28.000        8665.7744
      29.000        8762.2803
      30.000        8927.3330
      31.000        9163.9170
      32.000        9278.5273
      33.000        9563.0391
      34.000        9628.3008
      35.000        9873.4443
      36.000        9974.2754
      37.000       10327.5957
      38.000       10355.6182
      39.000       10644.5088
      40.000       10720.6406
      41.000       10713.3262
      42.000       10766.9102
      43.000       10843.8672
      44.000       10789.6143
      45.000       10622.0322
      46.000       10794.0703
      47.000       10749.9824
      48.000       10695.0664
      49.000       10811.9688
      50.000       10618.7451
      51.000       10687.1807
      52.000       10618.9043
      53.000       10800.4756
      54.000       10633.1094
      55.000       10801.7422
      56.000       10828.8555
      57.000       10665.3535
      58.000       10938.8721
      59.000       10671.0098
      60.000       10822.5527
      61.000       10812.5791
      62.000       10905.4766
      63.000       10672.1387
      64.000       10696.9277
      65.000       10850.3037
      66.000       10855.6455
      67.000       10695.7871
      68.000       10740.8115
      69.000       10718.3916
      70.000       10729.0283
      71.000       10600.3340
      72.000       10713.6152
      73.000       10687.2617
      74.000       10765.0801
      75.000       10660.6660
      76.000       10709.2295
      77.000       10722.7148
      78.000       10823.0820
      79.000       10796.0254
      80.000       10735.9521
      81.000       10816.7510
      82.000       10802.9600
      83.000       10620.3984
      84.000       10744.0820
      85.000       10873.7939
      86.000       10824.7783
      87.000       10678.9346
      88.000       10835.6680
      89.000       10737.7520
      90.000       10788.6689
      91.000       10801.8555
      92.000       10716.6982
      93.000       10681.2207
      94.000       10895.6230
      95.000       10725.4893
      96.000       10738.9355
      97.000       10538.1699
      98.000       10829.9639
      99.000       10697.7041
     100.000       10789.8037
     101.000       10844.3291
     102.000       10691.8574
     103.000       10706.4248
     104.000       10621.9443
     105.000       10665.1260
     106.000       10852.5176
     107.000       10766.9570
     108.000       10848.4531
     109.000       10691.2061
     110.000       10824.0693
     111.000       10720.8574
     112.000       10797.3467
     113.000       10615.5410
     114.000       10797.5049
     115.000       10786.9209
     116.000       10958.7998
     117.000       10853.5752
     118.000       10855.5039
     119.000       10760.6689
     120.000       10832.6777
     121.000       10710.2393
     122.000       10840.7822
     123.000       10757.3623
     124.000       10671.4102
     125.000       10737.1592
     126.000       10840.6807
     127.000       10682.5664
     128.000       10773.0020
     129.000       10811.1113
     130.000       10880.0234
     131.000       10822.8809
     132.000       10756.1270
     133.000       10744.7783
     134.000       10808.3926
     135.000       10835.3105
     136.000       10683.9658
     137.000       10771.9668
     138.000       10724.7812
     139.000       10676.6182
     140.000       10820.1709
