       0.000      -71667.2740
       1.000      -62999.5408
       2.000      -63210.0245
       3.000      -63117.6752
       4.000      -62947.7215
       5.000      -62766.6319
       6.000      -62531.8709
       7.000      -62304.4192
       8.000      -62029.6370
       9.000      -61711.5752
      10.000      -61472.5184
      11.000      -61225.4520
      12.000      -60848.8351
      13.000      -60582.4509
      14.000      -60245.2218
      15.000      -59809.1826
      16.000      -59485.3525
      17.000      -59027.9951
      18.000      -58605.0459
      19.000      -58139.2266
      20.000      -57651.0729
      21.000      -57455.4097
      22.000      -57186.1223
      23.000      -56740.3888
      24.000      -56590.4987
      25.000      -56214.8138
      26.000      -56078.9394
      27.000      -55741.5845
      28.000      -55422.4952
      29.000      -54858.1299
      30.000      -54584.1247
      31.000      -53943.0736
      32.000      -53644.9837
      33.000      -53413.2935
      34.000      -53106.2086
      35.000      -52872.4035
      36.000      -52514.7374
      37.000      -52027.7449
      38.000      -51634.9432
      39.000      -51415.9720
      40.000      -50783.6815
      41.000      -50876.7873
      42.000      -50650.4519
      43.000      -50811.8193
      44.000      -50721.1958
      45.000      -51020.8085
      46.000      -50689.2863
      47.000      -50721.5817
      48.000      -50876.8028
      49.000      -50840.2449
      50.000      -50719.6706
      51.000      -50860.4013
      52.000      -50916.3257
      53.000      -50832.0026
      54.000      -50751.7850
      55.000      -51024.9092
      56.000      -50839.0781
      57.000      -50686.8971
      58.000      -50928.2192
      59.000      -50659.0814
      60.000      -50906.3230
      61.000      -50960.3642
      62.000      -51083.8950
      63.000      -50716.4480
      64.000      -50956.0500
      65.000      -51079.3011
      66.000      -50882.3930
      67.000      -50937.0354
      68.000      -51079.5080
      69.000      -50961.8611
      70.000      -50963.9417
      71.000      -50623.6103
      72.000      -50927.5812
      73.000      -51069.8922
      74.000      -51008.0665
      75.000      -51010.4916
      76.000      -51000.0899
      77.000      -50990.4707
      78.000      -51061.7676
      79.000      -50923.2147
      80.000      -51026.7248
      81.000      -51115.9803
      82.000      -50779.2380
      83.000      -51048.0684
      84.000      -50992.2364
      85.000      -51122.7655
      86.000      -51082.9001
      87.000      -51308.4835
      88.000      -51150.6860
      89.000      -51210.4372
      90.000      -51374.6904
      91.000      -51292.4144
      92.000      -51058.1998
      93.000      -51247.4914
      94.000      -51318.0480
      95.000      -51259.6892
      96.000      -51343.3292
      97.000      -51267.8997
      98.000      -51349.9093
      99.000      -51347.3290
     100.000      -51457.0458
     101.000      -51472.0983
     102.000      -51259.0148
     103.000      -51329.5334
     104.000      -51505.1549
     105.000      -51216.3552
     106.000      -51360.2629
     107.000      -51321.4168
     108.000      -51454.6987
     109.000      -51528.4794
     110.000      -51363.8965
     111.000      -51312.2011
     112.000      -51416.6192
     113.000      -51560.4009
     114.000      -51387.9982
     115.000      -51509.8138
     116.000      -51418.9021
     117.000      -51286.4755
     118.000      -51355.4783
     119.000      -51323.0874
     120.000      -51497.6862
     121.000      -51412.2944
     122.000      -51541.9471
     123.000      -51623.4439
     124.000      -51353.2160
     125.000      -51502.4340
     126.000      -51286.5078
     127.000      -51416.7980
     128.000      -51651.4479
     129.000      -51511.9828
     130.000      -51535.7513
     131.000      -51495.1511
     132.000      -51377.3114
     133.000      -51465.9514
     134.000      -51815.6581
     135.000      -51445.3906
     136.000      -51511.0770
     137.000      -51361.5990
     138.000      -51514.9866
     139.000      -51527.4806
     140.000      -51726.0202
