       0.000      -71667.2740
       1.000      -62638.5285
       2.000      -62509.0522
       3.000      -62068.8234
       4.000      -61542.6060
       5.000      -60976.1949
       6.000      -60426.5101
       7.000      -59823.7168
       8.000      -59203.8875
       9.000      -58524.9922
      10.000      -57894.0315
      11.000      -57293.6730
      12.000      -56549.2800
      13.000      -56010.5539
      14.000      -55313.8390
      15.000      -54529.3828
      16.000      -53759.1298
      17.000      -53045.9414
      18.000      -52205.3741
      19.000      -51449.1881
      20.000      -50554.9640
      21.000      -50101.8340
      22.000      -49784.4358
      23.000      -49036.1041
      24.000      -48660.1023
      25.000      -48192.4197
      26.000      -47955.3247
      27.000      -47308.0200
      28.000      -46756.7208
      29.000      -46095.8496
      30.000      -45656.7917
      31.000      -44779.1566
      32.000      -44366.4563
      33.000      -43850.2544
      34.000      -43477.9078
      35.000      -42998.9592
      36.000      -42540.4620
      37.000      -41700.1492
      38.000      -41279.3250
      39.000      -40771.4632
      40.000      -40063.0409
      41.000      -40163.4611
      42.000      -39883.5418
      43.000      -39967.9521
      44.000      -39931.5816
      45.000      -40398.7763
      46.000      -39895.2160
      47.000      -39971.5992
      48.000      -40181.7364
      49.000      -40028.2761
      50.000      -40100.9254
      51.000      -40173.2206
      52.000      -40297.4214
      53.000      -40031.5270
      54.000      -40118.6756
      55.000      -40223.1670
      56.000      -40010.2227
      57.000      -40021.5436
      58.000      -39989.3471
      59.000      -39988.0717
      60.000      -40083.7703
      61.000      -40147.7851
      62.000      -40178.4184
      63.000      -40044.3093
      64.000      -40259.1223
      65.000      -40228.9974
      66.000      -40026.7475
      67.000      -40241.2483
      68.000      -40338.6965
      69.000      -40243.4695
      70.000      -40234.9133
      71.000      -40023.2763
      72.000      -40213.9659
      73.000      -40382.6304
      74.000      -40242.9864
      75.000      -40349.8256
      76.000      -40290.8604
      77.000      -40267.7558
      78.000      -40238.6856
      79.000      -40127.1893
      80.000      -40290.7726
      81.000      -40299.2294
      82.000      -39976.2780
      83.000      -40427.6700
      84.000      -40248.1544
      85.000      -40248.9716
      86.000      -40258.1218
      87.000      -40629.5490
      88.000      -40315.0181
      89.000      -40472.6852
      90.000      -40586.0215
      91.000      -40490.5589
      92.000      -40341.5015
      93.000      -40566.2707
      94.000      -40422.4249
      95.000      -40534.2000
      96.000      -40604.3936
      97.000      -40729.7298
      98.000      -40519.9454
      99.000      -40649.6249
     100.000      -40667.2421
     101.000      -40627.7692
     102.000      -40567.1574
     103.000      -40623.1086
     104.000      -40883.2106
     105.000      -40551.2292
     106.000      -40507.7453
     107.000      -40554.4598
     108.000      -40606.2456
     109.000      -40837.2733
     110.000      -40539.8271
     111.000      -40591.3436
     112.000      -40619.2725
     113.000      -40944.8599
     114.000      -40590.4933
     115.000      -40722.8929
     116.000      -40460.1023
     117.000      -40432.9003
     118.000      -40499.9743
     119.000      -40562.4184
     120.000      -40665.0085
     121.000      -40702.0552
     122.000      -40701.1649
     123.000      -40866.0816
     124.000      -40681.8059
     125.000      -40765.2748
     126.000      -40445.8272
     127.000      -40734.2316
     128.000      -40878.4459
     129.000      -40700.8715
     130.000      -40655.7279
     131.000      -40672.2702
     132.000      -40621.1844
     133.000      -40721.1731
     134.000      -41007.2655
     135.000      -40610.0800
     136.000      -40827.1112
     137.000      -40589.6322
     138.000      -40790.2053
     139.000      -40850.8625
     140.000      -40905.8493
