       0.000       0.00
       1.000      10.07
       2.000      19.55
       3.000      29.25
       4.000      39.18
       5.000      49.92
       6.000      58.71
       7.000      69.17
       8.000      78.79
       9.000      88.85
      10.000      99.78
      11.000     109.63
      12.000     119.89
      13.000     127.48
      14.000     137.51
      15.000     147.22
      16.000     159.67
      17.000     166.80
      18.000     178.45
      19.000     186.55
      20.000     197.87
      21.000     205.05
      22.000     206.39
      23.000     214.83
      24.000     221.13
      25.000     223.70
      26.000     226.52
      27.000     235.16
      28.000     241.64
      29.000     244.33
      30.000     248.93
      31.000     255.53
      32.000     258.72
      33.000     266.66
      34.000     268.48
      35.000     275.31
      36.000     278.12
      37.000     287.97
      38.000     288.76
      39.000     296.81
      40.000     298.93
      41.000     298.73
      42.000     300.22
      43.000     302.37
      44.000     300.86
      45.000     296.18
      46.000     300.98
      47.000     299.75
      48.000     298.22
      49.000     301.48
      50.000     296.09
      51.000     298.00
      52.000     296.10
      53.000     301.16
      54.000     296.49
      55.000     301.20
      56.000     301.95
      57.000     297.39
      58.000     305.02
      59.000     297.55
      60.000     301.78
      61.000     301.50
      62.000     304.09
      63.000     297.58
      64.000     298.27
      65.000     302.55
      66.000     302.70
      67.000     298.24
      68.000     299.50
      69.000     298.87
      70.000     299.17
      71.000     295.58
      72.000     298.74
      73.000     298.00
      74.000     300.17
      75.000     297.26
      76.000     298.62
      77.000     298.99
      78.000     301.79
      79.000     301.04
      80.000     299.36
      81.000     301.61
      82.000     301.23
      83.000     296.14
      84.000     299.59
      85.000     303.20
      86.000     301.84
      87.000     297.77
      88.000     302.14
      89.000     299.41
      90.000     300.83
      91.000     301.20
      92.000     298.82
      93.000     297.84
      94.000     303.81
      95.000     299.07
      96.000     299.44
      97.000     293.85
      98.000     301.98
      99.000     298.29
     100.000     300.86
     101.000     302.38
     102.000     298.13
     103.000     298.54
     104.000     296.18
     105.000     297.39
     106.000     302.61
     107.000     300.23
     108.000     302.50
     109.000     298.11
     110.000     301.82
     111.000     298.94
     112.000     301.07
     113.000     296.00
     114.000     301.08
     115.000     300.78
     116.000     305.58
     117.000     302.64
     118.000     302.69
     119.000     300.05
     120.000     302.06
     121.000     298.64
     122.000     302.28
     123.000     299.96
     124.000     297.56
     125.000     299.40
     126.000     302.28
     127.000     297.87
     128.000     300.39
     129.000     301.46
     130.000     303.38
     131.000     301.79
     132.000     299.92
     133.000     299.61
     134.000     301.38
     135.000     302.13
     136.000     297.91
     137.000     300.37
     138.000     299.05
     139.000     297.71
     140.000     301.71
