#Atom       AtomicFlx
   5.000       1.8034
  22.000       1.4755
  36.000       1.1367
  55.000       1.3536
  70.000       1.1727
  85.000       0.8317
 104.000       0.9351
 126.000       0.9780
 140.000       1.0267
 164.000       1.0636
 183.000       1.0164
 200.000       0.9990
 214.000       0.9200
 229.000       0.9029
 246.000       0.9904
 257.000       0.9894
 273.000       0.8593
 283.000       0.9042
 305.000       1.2752
 319.000       1.2685
 334.000       0.9380
 348.000       1.0433
 355.000       0.8096
 374.000       0.9249
 386.000       1.0117
 403.000       1.0028
 420.000       0.7877
 442.000       0.7829
 452.000       0.9556
 466.000       0.8627
 478.000       0.7811
 494.000       0.7816
 513.000       0.7057
 528.000       0.6841
 535.000       0.7787
 549.000       0.9591
 568.000       1.1875
 580.000       1.1475
 596.000       1.1352
 611.000       0.9329
 623.000       0.7944
 645.000       0.8285
 667.000       0.6062
 683.000       0.4991
 700.000       0.5912
 719.000       0.5693
 740.000       0.5577
 751.000       0.5062
 766.000       0.6006
 776.000       0.6005
 795.000       0.5049
 814.000       0.5996
 836.000       0.6688
 850.000       0.6496
 870.000       0.7505
 884.000       0.6383
 903.000       0.6579
 922.000       0.9927
 934.000       1.2844
 956.000       1.2124
 970.000       0.9498
 984.000       0.9285
1000.000       0.7386
1020.000       0.7257
1050.000       0.7300
1056.000       0.8153
1073.000       0.8287
1080.000       0.6863
1099.000       0.6688
1121.000       0.8623
1131.000       0.8185
1147.000       0.6319
1164.000       0.7182
1179.000       0.9065
1198.000       0.8355
1217.000       0.7166
1236.000       0.7868
1248.000       0.8867
1263.000       0.8814
1277.000       0.6868
1288.000       0.5660
1304.000       0.6363
1326.000       0.5995
1343.000       0.5021
1362.000       0.5599
1378.000       0.6236
1389.000       0.5616
1401.000       0.5486
1411.000       0.7693
1422.000       0.8369
1436.000       0.7328
1455.000       1.4478
1466.000       1.0885
1481.000       1.6462
1496.000       0.9131
1518.000       0.7475
1524.000       0.5737
1541.000       0.5545
1560.000       0.5334
1582.000       0.4809
1592.000       0.4947
1603.000       0.4665
1625.000       0.4322
1644.000       0.4827
1660.000       0.4715
1677.000       0.4631
1687.000       0.4859
1703.000       0.5780
1714.000       0.6236
1736.000       0.6151
1757.000       0.6617
1779.000       0.6582
1793.000       0.8266
1810.000       0.7921
1832.000       0.9941
1843.000       1.1629
1859.000       1.8601
1871.000       2.4224
1891.000       3.5459
