1			-4.3783E+04
5			-4.4335E+04
10			-4.5286E+04
15			-4.6546E+04
20			-4.8313E+04
25			-5.0419E+04
30			-5.2449E+04
35			-5.3124E+04
40			-5.3267E+04
45			-5.4042E+04
50			-5.4401E+04
55			-5.4721E+04
60			-5.4942E+04
65			-5.5194E+04
70			-5.5411E+04
75			-5.5701E+04
80			-5.5793E+04
85			-5.5969E+04
90			-5.6251E+04
95			-5.6389E+04
100			-5.6549E+04
105			-5.6643E+04
110			-5.8036E+04
115			-5.8550E+04
120			-5.8927E+04
125			-5.9330E+04
130			-5.9333E+04
135			-5.9527E+04
140			-5.9891E+04
145			-6.0162E+04
150			-6.0334E+04
155			-6.0337E+04
160			-6.0483E+04
165			-6.0584E+04
170			-6.0777E+04
175			-6.0890E+04
180			-6.0896E+04
185			-6.0989E+04
190			-6.1109E+04
195			-6.1220E+04
200			-6.1301E+04
205			-6.1304E+04
210			-6.1395E+04
215			-6.1435E+04
220			-6.1583E+04
225			-6.1689E+04
230			-6.1692E+04
235			-6.1793E+04
240			-6.1844E+04
245			-6.1949E+04
250			-6.1995E+04
255			-6.1998E+04
260			-6.2053E+04
265			-6.2106E+04
270			-6.2199E+04
275			-6.2257E+04
280			-6.2261E+04
285			-6.2337E+04
290			-6.2389E+04
295			-6.2452E+04
300			-6.2485E+04
305			-6.2487E+04
310			-6.2527E+04
315			-6.2560E+04
320			-6.2658E+04
325			-6.2710E+04
330			-6.2713E+04
335			-6.2788E+04
340			-6.2840E+04
345			-6.2881E+04
350			-6.2906E+04
355			-6.2908E+04
360			-6.2941E+04
365			-6.2972E+04
370			-6.3036E+04
375			-6.3074E+04
380			-6.3077E+04
385			-6.3133E+04
390			-6.3167E+04
395			-6.3204E+04
400			-6.3226E+04
405			-6.3228E+04
410			-6.3256E+04
415			-6.3281E+04
420			-6.3333E+04
425			-6.3367E+04
430			-6.3369E+04
435			-6.3418E+04
440			-6.3447E+04
445			-6.3479E+04
450			-6.3498E+04
455			-6.3500E+04
460			-6.3525E+04
465			-6.3547E+04
470			-6.3592E+04
475			-6.3622E+04
480			-6.3624E+04
485			-6.3668E+04
490			-6.3693E+04
495			-6.3721E+04
500			-6.3739E+04
500			-6.3739E+04
