1			-6.3884E+04
5			-6.3901E+04
10			-6.3938E+04
15			-6.4006E+04
20			-6.4108E+04
25			-6.4138E+04
30			-6.4164E+04
35			-6.4175E+04
40			-6.4193E+04
45			-6.4221E+04
50			-6.4235E+04
55			-6.4250E+04
60			-6.4266E+04
65			-6.4280E+04
70			-6.4294E+04
75			-6.4308E+04
80			-6.4318E+04
85			-6.4331E+04
90			-6.4343E+04
95			-6.4354E+04
100			-6.4365E+04
105			-6.4382E+04
110			-6.4646E+04
115			-6.4805E+04
120			-6.4855E+04
125			-6.4967E+04
130			-6.4970E+04
135			-6.5019E+04
140			-6.5064E+04
145			-6.5127E+04
150			-6.5169E+04
155			-6.5171E+04
160			-6.5196E+04
165			-6.5209E+04
170			-6.5255E+04
175			-6.5298E+04
180			-6.5299E+04
185			-6.5334E+04
190			-6.5355E+04
195			-6.5378E+04
200			-6.5395E+04
205			-6.5397E+04
210			-6.5412E+04
215			-6.5429E+04
220			-6.5480E+04
225			-6.5553E+04
230			-6.5555E+04
235			-6.5605E+04
240			-6.5625E+04
245			-6.5644E+04
250			-6.5657E+04
255			-6.5659E+04
260			-6.5670E+04
265			-6.5688E+04
270			-6.5730E+04
275			-6.5792E+04
280			-6.5794E+04
285			-6.5843E+04
290			-6.5861E+04
295			-6.5875E+04
300			-6.5884E+04
305			-6.5885E+04
310			-6.5893E+04
315			-6.5909E+04
320			-6.5958E+04
325			-6.6063E+04
330			-6.6065E+04
335			-6.6126E+04
340			-6.6142E+04
345			-6.6158E+04
350			-6.6167E+04
355			-6.6169E+04
360			-6.6176E+04
365			-6.6191E+04
370			-6.6234E+04
375			-6.6287E+04
380			-6.6289E+04
385			-6.6325E+04
390			-6.6339E+04
395			-6.6350E+04
400			-6.6360E+04
405			-6.6361E+04
410			-6.6369E+04
415			-6.6379E+04
420			-6.6402E+04
425			-6.6455E+04
430			-6.6456E+04
435			-6.6489E+04
440			-6.6501E+04
445			-6.6514E+04
450			-6.6521E+04
455			-6.6522E+04
460			-6.6528E+04
465			-6.6542E+04
470			-6.6560E+04
475			-6.6594E+04
480			-6.6595E+04
485			-6.6628E+04
490			-6.6641E+04
495			-6.6650E+04
500			-6.6656E+04
500			-6.6656E+04
