1			-4.1048E+04
5			-4.2783E+04
10			-4.5071E+04
15			-4.7212E+04
20			-4.9436E+04
25			-5.1784E+04
30			-5.2968E+04
35			-5.4000E+04
40			-5.4491E+04
45			-5.4937E+04
50			-5.5239E+04
55			-5.5558E+04
60			-5.5831E+04
65			-5.6199E+04
70			-5.6308E+04
75			-5.6670E+04
80			-5.6853E+04
85			-5.7051E+04
90			-5.7232E+04
95			-5.7408E+04
100			-5.7573E+04
105			-5.7652E+04
110			-5.9495E+04
115			-5.9866E+04
120			-6.0411E+04
125			-6.0767E+04
130			-6.0771E+04
135			-6.0973E+04
140			-6.1158E+04
145			-6.1342E+04
150			-6.1564E+04
155			-6.1570E+04
160			-6.1707E+04
165			-6.1780E+04
170			-6.2076E+04
175			-6.2287E+04
180			-6.2292E+04
185			-6.2461E+04
190			-6.2598E+04
195			-6.2702E+04
200			-6.2782E+04
205			-6.2785E+04
210			-6.2874E+04
215			-6.2937E+04
220			-6.3095E+04
225			-6.3285E+04
230			-6.3297E+04
235			-6.3445E+04
240			-6.3526E+04
245			-6.3614E+04
250			-6.3663E+04
255			-6.3665E+04
260			-6.3725E+04
265			-6.3779E+04
270			-6.3892E+04
275			-6.4082E+04
280			-6.4098E+04
285			-6.4272E+04
290			-6.4341E+04
295			-6.4411E+04
300			-6.4451E+04
305			-6.4453E+04
310			-6.4503E+04
315			-6.4541E+04
320			-6.4647E+04
325			-6.4770E+04
330			-6.4777E+04
335			-6.4892E+04
340			-6.4943E+04
345			-6.5012E+04
350			-6.5043E+04
355			-6.5045E+04
360			-6.5084E+04
365			-6.5120E+04
370			-6.5204E+04
375			-6.5285E+04
380			-6.5290E+04
385			-6.5373E+04
390			-6.5416E+04
395			-6.5470E+04
400			-6.5494E+04
405			-6.5496E+04
410			-6.5529E+04
415			-6.5560E+04
420			-6.5627E+04
425			-6.5721E+04
430			-6.5729E+04
435			-6.5814E+04
440			-6.5843E+04
445			-6.5893E+04
450			-6.5916E+04
455			-6.5918E+04
460			-6.5950E+04
465			-6.5992E+04
470			-6.6018E+04
475			-6.6119E+04
480			-6.6121E+04
485			-6.6160E+04
490			-6.6176E+04
495			-6.6231E+04
500			-6.6276E+04
500			-6.6276E+04
