1			-6.6557E+04
5			-6.6579E+04
10			-6.6632E+04
15			-6.6726E+04
20			-6.6877E+04
25			-6.6914E+04
30			-6.6931E+04
35			-6.6965E+04
40			-6.6983E+04
45			-6.7003E+04
50			-6.7022E+04
55			-6.7039E+04
60			-6.7056E+04
65			-6.7072E+04
70			-6.7084E+04
75			-6.7099E+04
80			-6.7113E+04
85			-6.7126E+04
90			-6.7139E+04
95			-6.7152E+04
100			-6.7169E+04
105			-6.7212E+04
110			-6.7534E+04
115			-6.7624E+04
120			-6.7674E+04
125			-6.7766E+04
130			-6.7768E+04
135			-6.7803E+04
140			-6.7824E+04
145			-6.7873E+04
150			-6.7948E+04
155			-6.7950E+04
160			-6.7990E+04
165			-6.8010E+04
170			-6.8039E+04
175			-6.8068E+04
180			-6.8071E+04
185			-6.8094E+04
190			-6.8117E+04
195			-6.8134E+04
200			-6.8182E+04
205			-6.8184E+04
210			-6.8205E+04
215			-6.8216E+04
220			-6.8252E+04
225			-6.8283E+04
230			-6.8286E+04
235			-6.8318E+04
240			-6.8341E+04
245			-6.8361E+04
250			-6.8376E+04
255			-6.8378E+04
260			-6.8393E+04
265			-6.8410E+04
270			-6.8431E+04
275			-6.8473E+04
280			-6.8476E+04
285			-6.8499E+04
290			-6.8521E+04
295			-6.8533E+04
300			-6.8557E+04
305			-6.8559E+04
310			-6.8572E+04
315			-6.8587E+04
320			-6.8623E+04
325			-6.8674E+04
330			-6.8676E+04
335			-6.8719E+04
340			-6.8740E+04
345			-6.8753E+04
350			-6.8763E+04
355			-6.8764E+04
360			-6.8776E+04
365			-6.8789E+04
370			-6.8818E+04
375			-6.8858E+04
380			-6.8859E+04
385			-6.8885E+04
390			-6.8904E+04
395			-6.8911E+04
400			-6.8923E+04
405			-6.8924E+04
410			-6.8932E+04
415			-6.8942E+04
420			-6.9035E+04
425			-6.9146E+04
430			-6.9148E+04
435			-6.9192E+04
440			-6.9209E+04
445			-6.9227E+04
450			-6.9239E+04
455			-6.9241E+04
460			-6.9251E+04
465			-6.9263E+04
470			-6.9274E+04
475			-6.9309E+04
480			-6.9311E+04
485			-6.9336E+04
490			-6.9353E+04
495			-6.9361E+04
500			-6.9370E+04
500			-6.9370E+04
