"Index"	"Residues"	"SSE"	"SWtApo"	"SWtCtv"	"SWtEol"	"RMSDWtApo"	"RMSDWtCtv"	"RMSDWtEol"
1	"1-19"	"α1"	7.55	6.99	6.72	0.65	0.72	0.55
2	"23-30"	"α2"	1.37	3.19	4.99	0.26	0.28	0.26
3	"39-51"	"α3"	14.35	3.88	4.56	0.31	0.34	0.29
4	"63-70"	"α4"	1.67	4.43	3.89	0.31	0.32	0.3
5	"76-86"	"α5"	1.36	7.17	4.76	0.28	0.3	0.29
6	"94-106"	"α6"	12.89	5.29	3.74	0.38	0.36	0.34
7	"111-114"	"α7"	0.76	1.96	1.67	0.17	0.15	0.13
8	"20-22"	"L1"	7.04	5.79	13.35	0.17	0.18	0.28
9	"31-38"	"L2"	9.9	12.51	11.55	0.26	0.28	0.26
10	"52-62"	"L3"	14.55	11.59	13.25	0.31	0.34	0.29
11	"71-75"	"L4"	6.89	10.31	12.93	0.31	0.32	0.3
12	"87-93"	"L5"	9.84	16.93	10.68	0.28	0.3	0.29
13	"107-110"	"L6"	11.83	9.96	7.92	0.38	0.36	0.34
