#Atom       AtomicFlx
   5.000       1.8762
  22.000       1.5628
  36.000       1.1803
  55.000       1.3622
  70.000       1.1606
  85.000       0.8251
 104.000       0.9709
 126.000       1.0391
 140.000       0.9723
 164.000       0.9511
 183.000       1.0212
 200.000       0.9761
 214.000       0.9215
 229.000       0.9092
 246.000       0.9461
 257.000       0.9103
 273.000       0.7260
 283.000       0.7398
 305.000       0.9912
 319.000       0.9891
 334.000       0.7653
 348.000       0.8968
 355.000       0.8282
 374.000       1.0425
 386.000       1.2396
 403.000       1.2627
 420.000       0.9364
 442.000       0.9275
 452.000       1.2658
 466.000       1.0536
 478.000       1.0752
 494.000       1.4543
 513.000       1.3763
 528.000       1.5699
 535.000       1.6201
 549.000       1.9148
 568.000       1.7291
 580.000       1.9111
 596.000       1.8822
 611.000       1.2315
 623.000       0.9483
 645.000       0.8261
 667.000       0.6458
 683.000       0.6360
 693.000       0.6026
 712.000       0.5169
 733.000       0.5540
 744.000       0.5301
 759.000       0.5328
 769.000       0.5450
 788.000       0.4858
 807.000       0.5456
 829.000       0.6037
 843.000       0.6156
 863.000       0.6790
 877.000       0.5769
 896.000       0.6311
 915.000       1.0870
 927.000       1.4253
 949.000       1.2541
 963.000       1.0356
 977.000       0.8497
 993.000       0.6466
1013.000       0.5725
1043.000       0.7180
1049.000       0.8728
1066.000       0.8311
1073.000       0.6831
1092.000       0.7241
1114.000       0.9104
1124.000       0.8748
1140.000       0.6647
1157.000       0.7457
1172.000       0.8895
1191.000       0.8770
1210.000       0.8224
1229.000       0.8824
1241.000       0.9308
1256.000       0.8957
1270.000       0.7377
1281.000       0.6063
1297.000       0.6612
1319.000       0.6580
1336.000       0.5485
1355.000       0.5638
1371.000       0.6689
1382.000       0.6342
1394.000       0.5702
1404.000       0.7809
1415.000       0.8915
1429.000       0.8611
1448.000       1.7966
1459.000       1.3032
1474.000       1.9041
1489.000       1.0984
1511.000       0.8903
1517.000       0.8471
1527.000       0.7702
1546.000       0.6058
1568.000       0.5254
1578.000       0.6618
1589.000       0.6328
1611.000       0.4878
1630.000       0.5692
1646.000       0.6581
1663.000       0.5980
1673.000       0.5935
1689.000       0.7117
1700.000       0.7984
1722.000       0.7704
1743.000       0.8025
1765.000       0.8403
1779.000       1.0158
1796.000       1.0771
1818.000       1.1102
1829.000       1.2355
1845.000       1.6356
1857.000       1.8683
1877.000       2.4869
