#Atom       AtomicFlx
   5.000       1.5777
  22.000       1.2945
  36.000       1.0131
  55.000       1.2209
  70.000       1.0474
  85.000       0.7263
 104.000       0.8500
 126.000       0.9383
 140.000       0.9533
 164.000       0.8662
 183.000       0.8688
 200.000       0.9313
 214.000       0.9152
 229.000       0.7661
 246.000       0.7854
 257.000       0.7570
 273.000       0.6080
 283.000       0.7043
 305.000       1.0084
 319.000       1.1469
 334.000       0.9671
 348.000       0.9084
 355.000       0.7072
 374.000       0.8055
 386.000       0.9498
 403.000       0.9898
 420.000       0.7388
 442.000       0.6390
 452.000       0.8115
 466.000       0.7009
 478.000       0.8044
 494.000       0.9861
 513.000       0.8287
 528.000       0.8602
 535.000       0.9595
 549.000       1.1854
 568.000       1.0485
 580.000       0.9218
 596.000       0.9996
 611.000       0.7591
 623.000       0.6903
 645.000       0.6380
 667.000       0.4698
 683.000       0.4574
 700.000       0.4989
 719.000       0.4299
 740.000       0.4524
 751.000       0.4370
 766.000       0.4528
 776.000       0.4783
 795.000       0.4311
 814.000       0.4659
 836.000       0.5128
 850.000       0.5374
 870.000       0.5823
 884.000       0.5102
 903.000       0.5735
 922.000       0.8275
 934.000       1.1413
 956.000       1.0466
 970.000       0.9517
 984.000       0.7531
1000.000       0.5939
1020.000       0.5291
1050.000       0.6879
1056.000       0.8650
1073.000       0.8120
1080.000       0.6623
1099.000       0.6908
1121.000       0.7659
1131.000       0.7293
1147.000       0.5749
1164.000       0.6618
1179.000       0.7517
1198.000       0.6855
1217.000       0.6225
1236.000       0.6927
1248.000       0.8077
1263.000       0.8069
1277.000       0.6314
1288.000       0.5234
1304.000       0.6004
1326.000       0.5835
1343.000       0.4807
1362.000       0.5297
1378.000       0.5997
1389.000       0.5391
1401.000       0.5229
1411.000       0.7388
1422.000       0.8039
1436.000       0.7390
1455.000       1.6547
1466.000       1.0753
1481.000       1.7340
1496.000       0.9514
1518.000       0.7771
1524.000       0.6139
1541.000       0.5841
1560.000       0.5205
1582.000       0.4820
1592.000       0.5265
1603.000       0.4895
1625.000       0.4237
1644.000       0.4684
1660.000       0.4745
1677.000       0.4365
1687.000       0.4869
1703.000       0.5839
1714.000       0.5916
1736.000       0.5410
1757.000       0.5760
1779.000       0.6405
1793.000       0.8671
1810.000       0.9418
1832.000       0.7777
1843.000       0.8323
1859.000       1.2911
1871.000       1.6696
1891.000       2.4861
