       0.000           0.0000
       1.000         367.7406
       2.000         710.7437
       3.000        1075.2076
       4.000        1430.2395
       5.000        1818.3243
       6.000        2180.4800
       7.000        2523.2009
       8.000        2890.5420
       9.000        3272.7358
      10.000        3667.1704
      11.000        4019.4265
      12.000        4342.5190
      13.000        4709.8799
      14.000        5100.4863
      15.000        5487.0557
      16.000        5763.4590
      17.000        6270.7900
      18.000        6615.8877
      19.000        6963.7104
      20.000        7324.4692
      21.000        7598.4468
      22.000        7634.3330
      23.000        7838.0010
      24.000        8090.7920
      25.000        8385.1494
      26.000        8617.1191
      27.000        8603.9297
      28.000        8754.0059
      29.000        8931.9023
      30.000        9176.0479
      31.000        9348.1797
      32.000        9520.3145
      33.000        9778.8799
      34.000        9994.8848
      35.000        9998.3076
      36.000       10220.6289
      37.000       10392.8828
      38.000       10772.2754
      39.000       10750.2354
      40.000       11078.4648
      41.000       10950.5840
      42.000       11093.1318
      43.000       11158.4033
      44.000       11015.8203
      45.000       11026.5771
      46.000       11137.5410
      47.000       11162.6689
      48.000       11088.3340
      49.000       11140.2363
      50.000       11013.8936
      51.000       10977.5352
      52.000       10976.2090
      53.000       10920.9590
      54.000       11124.1689
      55.000       10888.5410
      56.000       10923.4521
      57.000       11041.9287
      58.000       11068.3457
      59.000       11087.7188
      60.000       10961.0518
      61.000       11069.9580
      62.000       10969.6572
      63.000       10980.5605
      64.000       11107.8389
      65.000       10878.0381
      66.000       11053.8936
      67.000       10962.8613
      68.000       11033.5391
      69.000       11090.1133
      70.000       10917.8926
      71.000       10972.2139
      72.000       11093.9375
      73.000       11015.5400
      74.000       10998.8564
      75.000       11122.0312
      76.000       10982.2969
      77.000       10935.9189
      78.000       10940.3770
      79.000       11102.5713
      80.000       10993.7969
      81.000       10837.1875
      82.000       10971.0684
      83.000       11052.3574
      84.000       11010.9111
      85.000       10910.5957
      86.000       11031.0010
      87.000       11121.2900
      88.000       11074.3135
      89.000       10993.3662
      90.000       11062.0752
      91.000       11132.1152
      92.000       11098.3691
      93.000       11099.3896
      94.000       10991.3457
      95.000       11148.7871
      96.000       11101.7373
      97.000       11058.2510
      98.000       10964.3369
      99.000       11131.3828
     100.000       10979.6045
     101.000       11086.1465
     102.000       11179.8838
     103.000       11078.7041
     104.000       11016.9531
     105.000       11109.6250
     106.000       11069.7764
     107.000       11089.2715
     108.000       10957.0889
     109.000       10910.7715
     110.000       10935.0977
     111.000       10894.8115
     112.000       11066.1729
     113.000       10812.1924
     114.000       10867.7998
     115.000       10860.7090
     116.000       10890.0176
     117.000       11023.7070
     118.000       11105.1738
     119.000       10911.1680
     120.000       11090.0264
     121.000       11006.5029
     122.000       10944.2041
     123.000       11029.5127
     124.000       11055.9502
     125.000       11064.4912
     126.000       11045.8389
     127.000       11104.9922
     128.000       11140.4111
     129.000       10866.9434
     130.000       10972.7549
     131.000       11061.7324
     132.000       11132.3223
     133.000       11169.5166
     134.000       11078.0625
     135.000       11092.8623
     136.000       11136.8154
     137.000       10945.0488
     138.000       11005.5410
     139.000       11107.8691
     140.000       10912.9170
