       0.000      -73891.0027
       1.000      -64719.2960
       2.000      -64857.3136
       3.000      -64809.1085
       4.000      -64630.7458
       5.000      -64466.9274
       6.000      -64255.3758
       7.000      -64051.6941
       8.000      -63778.9808
       9.000      -63486.1223
      10.000      -63263.4234
      11.000      -62921.8719
      12.000      -62705.8446
      13.000      -62320.9185
      14.000      -61922.2082
      15.000      -61526.1209
      16.000      -61181.0255
      17.000      -60821.6513
      18.000      -60302.6735
      19.000      -59848.8101
      20.000      -59441.9171
      21.000      -59145.1162
      22.000      -58884.3336
      23.000      -58517.2873
      24.000      -58247.4414
      25.000      -57979.5071
      26.000      -57730.4979
      27.000      -57201.5724
      28.000      -56938.2808
      29.000      -56697.9173
      30.000      -56259.4073
      31.000      -55910.7619
      32.000      -55589.8354
      33.000      -55165.5076
      34.000      -54743.7730
      35.000      -54178.5223
      36.000      -53969.9688
      37.000      -53459.2865
      38.000      -53239.4894
      39.000      -53000.8041
      40.000      -52480.5157
      41.000      -52245.8505
      42.000      -52377.3114
      43.000      -52400.1363
      44.000      -52442.3665
      45.000      -52267.6819
      46.000      -52364.7222
      47.000      -52179.0743
      48.000      -52136.5272
      49.000      -52208.1553
      50.000      -52300.2258
      51.000      -52396.6674
      52.000      -52320.2677
      53.000      -52546.4248
      54.000      -52318.0892
      55.000      -52311.5699
      56.000      -52486.6861
      57.000      -52514.0821
      58.000      -52478.1419
      59.000      -52688.8005
      60.000      -52510.8629
      61.000      -52502.4210
      62.000      -52355.6240
      63.000      -52429.5197
      64.000      -52523.8965
      65.000      -52577.5938
      66.000      -52348.5567
      67.000      -52401.9323
      68.000      -52426.6165
      69.000      -52486.7794
      70.000      -52327.5039
      71.000      -52546.4377
      72.000      -52313.6917
      73.000      -52301.7853
      74.000      -52518.6219
      75.000      -52587.0515
      76.000      -52449.4374
      77.000      -52560.0252
      78.000      -52542.8012
      79.000      -52498.3450
      80.000      -52719.7450
      81.000      -52816.6475
      82.000      -52534.3643
      83.000      -52360.4693
      84.000      -52639.2731
      85.000      -52655.5762
      86.000      -52757.1464
      87.000      -52827.9227
      88.000      -52955.5190
      89.000      -52891.6760
      90.000      -52814.2367
      91.000      -52555.0150
      92.000      -52853.4807
      93.000      -52838.5713
      94.000      -52603.1770
      95.000      -52722.6876
      96.000      -52788.7706
      97.000      -52679.8442
      98.000      -52793.9968
      99.000      -52778.1596
     100.000      -52687.8529
     101.000      -52551.9937
     102.000      -52909.9803
     103.000      -52756.7556
     104.000      -52671.1328
     105.000      -52830.7120
     106.000      -52733.7596
     107.000      -53034.4126
     108.000      -52937.1588
     109.000      -52761.9119
     110.000      -52809.0124
     111.000      -52838.0326
     112.000      -52718.2135
     113.000      -52625.8834
     114.000      -52530.5668
     115.000      -52775.0728
     116.000      -52843.3488
     117.000      -52534.7304
     118.000      -52620.7150
     119.000      -52797.2410
     120.000      -52847.5972
     121.000      -52742.0062
     122.000      -52773.2879
     123.000      -53002.0679
     124.000      -52841.8004
     125.000      -52784.2203
     126.000      -52707.9955
     127.000      -52928.5350
     128.000      -52801.9100
     129.000      -52938.3096
     130.000      -52904.8938
     131.000      -52799.0957
     132.000      -52946.9931
     133.000      -52725.4640
     134.000      -52958.5720
     135.000      -52868.8687
     136.000      -53038.7363
     137.000      -52872.9080
     138.000      -52945.9186
     139.000      -52889.0227
     140.000      -52910.4591
