#Atom       AtomicFlx
   5.000       2.5803
  22.000       2.0582
  36.000       1.6987
  55.000       1.9558
  70.000       1.4924
  85.000       1.1694
 104.000       1.4922
 126.000       1.4465
 140.000       1.3583
 164.000       1.2035
 183.000       1.1865
 200.000       1.1398
 214.000       1.0413
 229.000       1.1119
 246.000       1.2819
 257.000       1.2562
 273.000       1.1432
 283.000       1.3668
 305.000       1.6682
 319.000       1.6381
 334.000       1.2580
 348.000       1.1290
 355.000       1.0475
 374.000       1.4936
 386.000       1.9183
 403.000       2.1078
 420.000       1.4267
 442.000       1.3328
 452.000       1.9203
 466.000       1.5082
 478.000       1.3444
 494.000       2.0419
 513.000       1.8439
 528.000       1.6716
 535.000       1.9119
 549.000       2.0358
 568.000       1.8248
 580.000       2.3266
 596.000       1.7898
 611.000       1.2468
 623.000       1.0804
 645.000       0.9343
 667.000       0.7144
 683.000       0.7197
 693.000       0.6923
 712.000       0.6110
 733.000       0.6636
 744.000       0.6331
 759.000       0.6517
 769.000       0.6757
 788.000       0.5762
 807.000       0.6228
 829.000       0.7036
 843.000       0.6805
 863.000       0.7241
 877.000       0.6203
 896.000       0.6646
 915.000       1.0820
 927.000       1.4440
 949.000       1.2694
 963.000       1.1453
 977.000       0.8551
 993.000       0.6593
1013.000       0.5741
1043.000       0.7082
1049.000       0.8683
1066.000       0.8027
1073.000       0.6523
1092.000       0.7284
1114.000       0.8715
1124.000       0.8092
1140.000       0.7133
1157.000       0.8437
1172.000       1.0580
1191.000       0.9312
1210.000       0.8354
1229.000       0.9444
1241.000       1.0124
1256.000       1.0244
1270.000       0.8332
1281.000       0.6867
1297.000       0.7828
1319.000       0.7726
1336.000       0.6205
1355.000       0.6343
1371.000       0.7520
1382.000       0.7000
1394.000       0.6084
1404.000       0.8181
1415.000       0.8989
1429.000       0.8902
1448.000       1.9373
1459.000       1.4094
1474.000       1.9773
1489.000       1.2470
1511.000       0.9819
1517.000       0.9399
1527.000       0.9464
1546.000       0.6876
1568.000       0.5960
1578.000       0.8250
1589.000       0.7238
1611.000       0.5216
1630.000       0.6770
1646.000       0.7729
1663.000       0.6331
1673.000       0.6685
1689.000       0.8853
1700.000       0.9064
1722.000       1.0146
1743.000       1.1626
1765.000       1.4107
1779.000       2.1323
1796.000       1.8517
1818.000       2.1255
1829.000       3.1587
1845.000       4.0789
1857.000       4.7454
1877.000       6.0819
