1			-6.4455E+04
5			-6.4472E+04
10			-6.4509E+04
15			-6.4574E+04
20			-6.4638E+04
25			-6.4691E+04
30			-6.4709E+04
35			-6.4726E+04
40			-6.4754E+04
45			-6.4767E+04
50			-6.4783E+04
55			-6.4799E+04
60			-6.4814E+04
65			-6.4828E+04
70			-6.4842E+04
75			-6.4853E+04
80			-6.4867E+04
85			-6.4880E+04
90			-6.4893E+04
95			-6.4905E+04
100			-6.4916E+04
105			-6.4932E+04
110			-6.5128E+04
115			-6.5255E+04
120			-6.5332E+04
125			-6.5425E+04
130			-6.5427E+04
135			-6.5491E+04
140			-6.5545E+04
145			-6.5589E+04
150			-6.5618E+04
155			-6.5620E+04
160			-6.5639E+04
165			-6.5652E+04
170			-6.5708E+04
175			-6.5758E+04
180			-6.5761E+04
185			-6.5802E+04
190			-6.5825E+04
195			-6.5848E+04
200			-6.5860E+04
205			-6.5862E+04
210			-6.5874E+04
215			-6.5891E+04
220			-6.5963E+04
225			-6.6079E+04
230			-6.6081E+04
235			-6.6136E+04
240			-6.6173E+04
245			-6.6194E+04
250			-6.6205E+04
255			-6.6207E+04
260			-6.6217E+04
265			-6.6239E+04
270			-6.6272E+04
275			-6.6329E+04
280			-6.6330E+04
285			-6.6373E+04
290			-6.6393E+04
295			-6.6407E+04
300			-6.6415E+04
305			-6.6417E+04
310			-6.6424E+04
315			-6.6437E+04
320			-6.6521E+04
325			-6.6612E+04
330			-6.6614E+04
335			-6.6662E+04
340			-6.6684E+04
345			-6.6700E+04
350			-6.6713E+04
355			-6.6714E+04
360			-6.6723E+04
365			-6.6736E+04
370			-6.6756E+04
375			-6.6800E+04
380			-6.6801E+04
385			-6.6827E+04
390			-6.6839E+04
395			-6.6852E+04
400			-6.6860E+04
405			-6.6862E+04
410			-6.6870E+04
415			-6.6878E+04
420			-6.6897E+04
425			-6.6916E+04
430			-6.6918E+04
435			-6.6941E+04
440			-6.6956E+04
445			-6.6963E+04
450			-6.6976E+04
455			-6.6977E+04
460			-6.6984E+04
465			-6.6995E+04
470			-6.7018E+04
475			-6.7049E+04
480			-6.7050E+04
485			-6.7075E+04
490			-6.7090E+04
495			-6.7095E+04
500			-6.7106E+04
500			-6.7106E+04
