1			-4.4264E+04
5			-4.4773E+04
10			-4.5660E+04
15			-4.6873E+04
20			-4.8579E+04
25			-5.0625E+04
30			-5.2278E+04
35			-5.3133E+04
40			-5.3614E+04
45			-5.4079E+04
50			-5.4512E+04
55			-5.4852E+04
60			-5.5085E+04
65			-5.5345E+04
70			-5.5569E+04
75			-5.5860E+04
80			-5.5955E+04
85			-5.6133E+04
90			-5.6418E+04
95			-5.6557E+04
100			-5.6718E+04
105			-5.6811E+04
110			-5.8343E+04
115			-5.8695E+04
120			-5.9213E+04
125			-5.9595E+04
130			-5.9600E+04
135			-5.9805E+04
140			-6.0076E+04
145			-6.0382E+04
150			-6.0520E+04
155			-6.0523E+04
160			-6.0625E+04
165			-6.0696E+04
170			-6.0922E+04
175			-6.1129E+04
180			-6.1133E+04
185			-6.1274E+04
190			-6.1372E+04
195			-6.1490E+04
200			-6.1548E+04
205			-6.1550E+04
210			-6.1612E+04
215			-6.1658E+04
220			-6.1831E+04
225			-6.1942E+04
230			-6.1945E+04
235			-6.2084E+04
240			-6.2156E+04
245			-6.2230E+04
250			-6.2273E+04
255			-6.2277E+04
260			-6.2324E+04
265			-6.2364E+04
270			-6.2489E+04
275			-6.2579E+04
280			-6.2581E+04
285			-6.2702E+04
290			-6.2758E+04
295			-6.2815E+04
300			-6.2847E+04
305			-6.2851E+04
310			-6.2890E+04
315			-6.2926E+04
320			-6.3018E+04
325			-6.3088E+04
330			-6.3090E+04
335			-6.3185E+04
340			-6.3229E+04
345			-6.3276E+04
350			-6.3304E+04
355			-6.3307E+04
360			-6.3340E+04
365			-6.3372E+04
370			-6.3450E+04
375			-6.3506E+04
380			-6.3508E+04
385			-6.3589E+04
390			-6.3627E+04
395			-6.3666E+04
400			-6.3690E+04
405			-6.3693E+04
410			-6.3721E+04
415			-6.3749E+04
420			-6.3816E+04
425			-6.3864E+04
430			-6.3866E+04
435			-6.3935E+04
440			-6.3968E+04
445			-6.4002E+04
450			-6.4023E+04
455			-6.4026E+04
460			-6.4051E+04
465			-6.4075E+04
470			-6.4133E+04
475			-6.4173E+04
480			-6.4176E+04
485			-6.4235E+04
490			-6.4263E+04
495			-6.4292E+04
500			-6.4311E+04
500			-6.4311E+04
