       0.000           0.0000
       1.000         381.7494
       2.000         721.1763
       3.000        1083.2565
       4.000        1445.2761
       5.000        1808.7671
       6.000        2160.3503
       7.000        2596.1829
       8.000        2932.0278
       9.000        3290.0979
      10.000        3684.9578
      11.000        4040.8445
      12.000        4387.6265
      13.000        4793.5396
      14.000        5096.0269
      15.000        5519.2690
      16.000        5845.1953
      17.000        6245.1421
      18.000        6589.1499
      19.000        6953.0415
      20.000        7405.3726
      21.000        7538.4800
      22.000        7841.2891
      23.000        7935.0317
      24.000        8230.0000
      25.000        8231.9229
      26.000        8463.4141
      27.000        8709.4072
      28.000        8898.5420
      29.000        9009.0498
      30.000        9244.4453
      31.000        9424.5352
      32.000        9531.4033
      33.000        9877.3311
      34.000        9943.1592
      35.000       10104.7988
      36.000       10436.1270
      37.000       10510.6768
      38.000       10669.2920
      39.000       10934.9023
      40.000       11071.1426
      41.000       11205.0449
      42.000       11082.3789
      43.000       11102.2441
      44.000       11010.1738
      45.000       11099.4189
      46.000       11150.2402
      47.000       11044.8330
      48.000       11213.1846
      49.000       11133.1611
      50.000       10996.2197
      51.000       11057.2666
      52.000       11073.2246
      53.000       11207.8955
      54.000       11070.5723
      55.000       11156.8486
      56.000       11110.9160
      57.000       11177.0898
      58.000       11168.0029
      59.000       11072.4639
      60.000       11319.0967
      61.000       11041.6338
      62.000       11150.9609
      63.000       11097.4746
      64.000       11200.0205
      65.000       11165.2900
      66.000       11100.8574
      67.000       11137.2070
      68.000       11121.0342
      69.000       11091.2227
      70.000       10993.4658
      71.000       11209.8477
      72.000       11108.7686
      73.000       11127.9141
      74.000       11175.9092
      75.000       11107.7412
      76.000       11145.6367
      77.000       11127.1904
      78.000       11007.8301
      79.000       11128.2568
      80.000       11084.4561
      81.000       10934.5117
      82.000       11154.7109
      83.000       11029.4102
      84.000       11114.5898
      85.000       11179.8535
      86.000       11043.0674
      87.000       11128.0908
      88.000       11149.3809
      89.000       11205.0078
      90.000       11183.1846
      91.000       11088.6494
      92.000       11308.0039
      93.000       11121.4863
      94.000       11148.2695
      95.000       11276.4482
      96.000       11179.5957
      97.000       11111.0498
      98.000       11213.1924
      99.000       11284.8105
     100.000       11173.0205
     101.000       11140.8193
     102.000       11068.9180
     103.000       10997.1016
     104.000       10999.9492
     105.000       11164.6455
     106.000       11091.6406
     107.000       10964.4219
     108.000       11151.5967
     109.000       11039.0430
     110.000       11153.8730
     111.000       11123.3740
     112.000       11140.3350
     113.000       11067.9775
     114.000       10944.9727
     115.000       11182.7139
     116.000       11076.6016
     117.000       11124.6650
     118.000       11025.9375
     119.000       11080.3506
     120.000       11186.5420
     121.000       10995.7070
     122.000       11116.9307
     123.000       10979.7686
     124.000       11176.0586
     125.000       11194.3203
     126.000       11069.7227
     127.000       11080.4619
     128.000       11095.8604
     129.000       11141.1562
     130.000       11137.2734
     131.000       11356.4609
     132.000       11094.5625
     133.000       11184.8008
     134.000       11130.5342
     135.000       11137.2275
     136.000       11034.9941
     137.000       11245.9736
     138.000       11043.7822
     139.000       11080.2217
     140.000       11232.9326
