       0.000      -73791.4976
       1.000      -65183.8649
       2.000      -65393.9327
       3.000      -65309.4998
       4.000      -65185.7610
       5.000      -65027.3237
       6.000      -64800.8221
       7.000      -64534.1675
       8.000      -64304.4516
       9.000      -63991.3424
      10.000      -63709.2493
      11.000      -63453.9791
      12.000      -63062.6636
      13.000      -62783.8585
      14.000      -62506.3953
      15.000      -62043.8832
      16.000      -61663.8495
      17.000      -61344.8166
      18.000      -60857.3152
      19.000      -60444.4595
      20.000      -59834.0612
      21.000      -59692.8371
      22.000      -59347.5030
      23.000      -59023.0123
      24.000      -58650.9621
      25.000      -58404.9411
      26.000      -58085.1152
      27.000      -57679.5989
      28.000      -57203.2545
      29.000      -56955.1246
      30.000      -56536.1252
      31.000      -56164.4314
      32.000      -55744.6976
      33.000      -55317.8226
      34.000      -55057.3216
      35.000      -54785.3622
      36.000      -54421.5399
      37.000      -54052.5673
      38.000      -53610.5968
      39.000      -53125.4482
      40.000      -52844.2236
      41.000      -52600.4047
      42.000      -52665.6670
      43.000      -52678.2569
      44.000      -52581.8475
      45.000      -52570.1976
      46.000      -52684.7897
      47.000      -52502.2493
      48.000      -52737.8523
      49.000      -52573.6916
      50.000      -52648.3087
      51.000      -52653.6530
      52.000      -52393.1715
      53.000      -52547.5500
      54.000      -52507.0380
      55.000      -52698.9572
      56.000      -52733.8374
      57.000      -52518.6954
      58.000      -52561.6283
      59.000      -52503.0599
      60.000      -52701.3704
      61.000      -52635.8028
      62.000      -52685.8731
      63.000      -52615.1186
      64.000      -52730.1369
      65.000      -52940.0725
      66.000      -52772.4137
      67.000      -52826.4122
      68.000      -53012.8187
      69.000      -52786.0187
      70.000      -52781.7509
      71.000      -52900.8745
      72.000      -52898.1755
      73.000      -52777.3852
      74.000      -52927.3527
      75.000      -52722.4316
      76.000      -52876.9541
      77.000      -52977.1504
      78.000      -52951.1544
      79.000      -52919.6432
      80.000      -52845.2438
      81.000      -52884.1344
      82.000      -52928.3478
      83.000      -52847.8183
      84.000      -52749.8330
      85.000      -53144.3064
      86.000      -52965.7716
      87.000      -52965.8104
      88.000      -52961.1806
      89.000      -53198.5149
      90.000      -52994.4465
      91.000      -52889.9788
      92.000      -53060.4075
      93.000      -52920.2456
      94.000      -53143.7601
      95.000      -53160.5669
      96.000      -53031.0858
      97.000      -53208.9046
      98.000      -53228.1670
      99.000      -53277.3462
     100.000      -53211.5472
     101.000      -53178.8144
     102.000      -53288.5366
     103.000      -53193.1747
     104.000      -53164.4416
     105.000      -53164.3499
     106.000      -53339.1669
     107.000      -53103.8224
     108.000      -53027.7035
     109.000      -53192.1804
     110.000      -53264.2036
     111.000      -53277.4253
     112.000      -53027.7896
     113.000      -53123.7857
     114.000      -53143.0091
     115.000      -53299.2286
     116.000      -53547.8549
     117.000      -53436.6112
     118.000      -53305.6449
     119.000      -53366.8318
     120.000      -53125.0228
     121.000      -53280.9645
     122.000      -53195.2619
     123.000      -53219.8632
     124.000      -53279.4455
     125.000      -53256.1110
     126.000      -53293.6994
     127.000      -53171.2403
     128.000      -53111.6680
     129.000      -53144.0809
     130.000      -53253.4084
     131.000      -53262.6628
     132.000      -53202.8524
     133.000      -53387.0571
     134.000      -53456.5667
     135.000      -53202.3828
     136.000      -53349.2929
     137.000      -53231.1347
     138.000      -53199.9086
     139.000      -52846.0816
     140.000      -53069.6278
