       0.000      -73791.4976
       1.000      -64802.1155
       2.000      -64672.7564
       3.000      -64226.2434
       4.000      -63740.4849
       5.000      -63218.5566
       6.000      -62640.4718
       7.000      -61937.9846
       8.000      -61372.4238
       9.000      -60701.2445
      10.000      -60024.2915
      11.000      -59413.1346
      12.000      -58675.0371
      13.000      -57990.3190
      14.000      -57410.3684
      15.000      -56524.6141
      16.000      -55818.6542
      17.000      -55099.6745
      18.000      -54268.1653
      19.000      -53491.4180
      20.000      -52428.6887
      21.000      -52154.3571
      22.000      -51506.2139
      23.000      -51087.9806
      24.000      -50420.9621
      25.000      -50173.0182
      26.000      -49621.7012
      27.000      -48970.1917
      28.000      -48304.7125
      29.000      -47946.0748
      30.000      -47291.6799
      31.000      -46739.8962
      32.000      -46213.2943
      33.000      -45440.4916
      34.000      -45114.1625
      35.000      -44680.5634
      36.000      -43985.4129
      37.000      -43541.8906
      38.000      -42941.3048
      39.000      -42190.5459
      40.000      -41773.0810
      41.000      -41395.3598
      42.000      -41583.2881
      43.000      -41576.0128
      44.000      -41571.6737
      45.000      -41470.7786
      46.000      -41534.5494
      47.000      -41457.4163
      48.000      -41524.6678
      49.000      -41440.5305
      50.000      -41652.0889
      51.000      -41596.3864
      52.000      -41319.9468
      53.000      -41339.6545
      54.000      -41436.4657
      55.000      -41542.1086
      56.000      -41622.9214
      57.000      -41341.6056
      58.000      -41393.6253
      59.000      -41430.5961
      60.000      -41382.2738
      61.000      -41594.1690
      62.000      -41534.9121
      63.000      -41517.6440
      64.000      -41530.1164
      65.000      -41774.7824
      66.000      -41671.5563
      67.000      -41689.2051
      68.000      -41891.7846
      69.000      -41694.7960
      70.000      -41788.2851
      71.000      -41691.0268
      72.000      -41789.4069
      73.000      -41649.4711
      74.000      -41751.4435
      75.000      -41614.6904
      76.000      -41731.3174
      77.000      -41849.9600
      78.000      -41943.3243
      79.000      -41791.3863
      80.000      -41760.7878
      81.000      -41949.6227
      82.000      -41773.6368
      83.000      -41818.4081
      84.000      -41635.2432
      85.000      -41964.4529
      86.000      -41922.7043
      87.000      -41837.7196
      88.000      -41811.7997
      89.000      -41993.5071
      90.000      -41811.2619
      91.000      -41801.3294
      92.000      -41752.4036
      93.000      -41798.7592
      94.000      -41995.4906
      95.000      -41884.1187
      96.000      -41851.4901
      97.000      -42097.8548
      98.000      -42014.9747
      99.000      -41992.5357
     100.000      -42038.5267
     101.000      -42037.9951
     102.000      -42219.6187
     103.000      -42196.0732
     104.000      -42164.4924
     105.000      -41999.7044
     106.000      -42247.5263
     107.000      -42139.4006
     108.000      -41876.1068
     109.000      -42153.1374
     110.000      -42110.3306
     111.000      -42154.0513
     112.000      -41887.4547
     113.000      -42055.8082
     114.000      -42198.0364
     115.000      -42116.5148
     116.000      -42471.2534
     117.000      -42311.9461
     118.000      -42279.7074
     119.000      -42286.4813
     120.000      -41938.4808
     121.000      -42285.2575
     122.000      -42078.3312
     123.000      -42240.0946
     124.000      -42103.3869
     125.000      -42061.7907
     126.000      -42223.9767
     127.000      -42090.7784
     128.000      -42015.8076
     129.000      -42002.9246
     130.000      -42116.1350
     131.000      -41906.2018
     132.000      -42108.2899
     133.000      -42202.2563
     134.000      -42326.0325
     135.000      -42065.1553
     136.000      -42314.2988
     137.000      -41985.1611
     138.000      -42156.1264
     139.000      -41765.8599
     140.000      -41836.6952
