       0.000       0.00
       1.000      10.30
       2.000      19.46
       3.000      29.22
       4.000      38.99
       5.000      48.80
       6.000      58.28
       7.000      70.04
       8.000      79.10
       9.000      88.76
      10.000      99.41
      11.000     109.01
      12.000     118.37
      13.000     129.32
      14.000     137.48
      15.000     148.90
      16.000     157.69
      17.000     168.48
      18.000     177.76
      19.000     187.57
      20.000     199.78
      21.000     203.37
      22.000     211.54
      23.000     214.07
      24.000     222.02
      25.000     222.08
      26.000     228.32
      27.000     234.96
      28.000     240.06
      29.000     243.04
      30.000     249.39
      31.000     254.25
      32.000     257.13
      33.000     266.46
      34.000     268.24
      35.000     272.60
      36.000     281.54
      37.000     283.55
      38.000     287.83
      39.000     295.00
      40.000     298.67
      41.000     302.28
      42.000     298.97
      43.000     299.51
      44.000     297.03
      45.000     299.43
      46.000     300.80
      47.000     297.96
      48.000     302.50
      49.000     300.34
      50.000     296.65
      51.000     298.30
      52.000     298.73
      53.000     302.36
      54.000     298.66
      55.000     300.98
      56.000     299.74
      57.000     301.53
      58.000     301.28
      59.000     298.71
      60.000     305.36
      61.000     297.87
      62.000     300.82
      63.000     299.38
      64.000     302.15
      65.000     301.21
      66.000     299.47
      67.000     300.45
      68.000     300.02
      69.000     299.21
      70.000     296.57
      71.000     302.41
      72.000     299.69
      73.000     300.20
      74.000     301.50
      75.000     299.66
      76.000     300.68
      77.000     300.18
      78.000     296.96
      79.000     300.21
      80.000     299.03
      81.000     294.98
      82.000     300.92
      83.000     297.54
      84.000     299.84
      85.000     301.60
      86.000     297.91
      87.000     300.21
      88.000     300.78
      89.000     302.28
      90.000     301.69
      91.000     299.14
      92.000     305.06
      93.000     300.03
      94.000     300.75
      95.000     304.21
      96.000     301.60
      97.000     299.75
      98.000     302.50
      99.000     304.43
     100.000     301.42
     101.000     300.55
     102.000     298.61
     103.000     296.67
     104.000     296.75
     105.000     301.19
     106.000     299.22
     107.000     295.79
     108.000     300.84
     109.000     297.80
     110.000     300.90
     111.000     300.08
     112.000     300.54
     113.000     298.59
     114.000     295.27
     115.000     301.68
     116.000     298.82
     117.000     300.11
     118.000     297.45
     119.000     298.92
     120.000     301.78
     121.000     296.64
     122.000     299.91
     123.000     296.21
     124.000     301.50
     125.000     301.99
     126.000     298.63
     127.000     298.92
     128.000     299.34
     129.000     300.56
     130.000     300.45
     131.000     306.37
     132.000     299.30
     133.000     301.74
     134.000     300.27
     135.000     300.45
     136.000     297.70
     137.000     303.39
     138.000     297.93
     139.000     298.92
     140.000     303.04
