       0.000           0.0000
       1.000         377.4523
       2.000         725.4100
       3.000        1094.5188
       4.000        1452.9617
       5.000        1845.9102
       6.000        2208.4143
       7.000        2566.1384
       8.000        2966.4702
       9.000        3299.8235
      10.000        3655.3491
      11.000        4052.3538
      12.000        4476.2905
      13.000        4861.7256
      14.000        5210.7002
      15.000        5511.6807
      16.000        5925.4941
      17.000        6350.1704
      18.000        6727.7212
      19.000        7114.6743
      20.000        7433.8467
      21.000        7672.7163
      22.000        7836.5044
      23.000        7995.8755
      24.000        8043.8682
      25.000        8392.2979
      26.000        8438.2061
      27.000        8840.5107
      28.000        8922.9795
      29.000        8951.2754
      30.000        9180.7627
      31.000        9425.8564
      32.000        9641.3252
      33.000        9912.1123
      34.000       10031.3301
      35.000       10270.4980
      36.000       10343.5576
      37.000       10654.7998
      38.000       10830.0420
      39.000       10923.8799
      40.000       11098.2100
      41.000       11162.6504
      42.000       11080.1504
      43.000       11215.9258
      44.000       11296.4395
      45.000       11033.1602
      46.000       11227.8994
      47.000       11349.1504
      48.000       11153.5449
      49.000       11265.0518
      50.000       11194.5908
      51.000       11276.5068
      52.000       11160.1152
      53.000       11136.4863
      54.000       11187.9307
      55.000       11137.0723
      56.000       11113.5996
      57.000       11103.1094
      58.000       11176.8145
      59.000       11160.8125
      60.000       11304.9268
      61.000       11332.6377
      62.000       11267.0791
      63.000       11110.8643
      64.000       11141.8506
      65.000       11161.5049
      66.000       11225.3389
      67.000       11232.1240
      68.000       11202.3477
      69.000       11235.0176
      70.000       11223.9834
      71.000       11343.7695
      72.000       11248.5518
      73.000       11299.7773
      74.000       11052.7490
      75.000       11268.8438
      76.000       11112.2676
      77.000       11193.4141
      78.000       11301.5469
      79.000       11214.8652
      80.000       11096.9541
      81.000       11159.8193
      82.000       11204.6094
      83.000       11203.5195
      84.000       11255.8096
      85.000       11253.6836
      86.000       11258.4434
      87.000       11273.1787
      88.000       11086.1836
      89.000       11221.9854
      90.000       11251.1025
      91.000       11205.2783
      92.000       11212.9775
      93.000       11259.7949
      94.000       11081.7324
      95.000       11177.2783
      96.000       11139.7617
      97.000       11269.0928
      98.000       11096.0312
      99.000       11254.7744
     100.000       11303.0010
     101.000       11400.7090
     102.000       11272.9561
     103.000       11319.7061
     104.000       11179.1367
     105.000       11125.9863
     106.000       11162.5371
     107.000       11190.8584
     108.000       11345.2568
     109.000       11253.1348
     110.000       11124.7666
     111.000       11056.3711
     112.000       11210.7080
     113.000       11224.9648
     114.000       11132.3916
     115.000       11291.4580
     116.000       11117.1729
     117.000       11244.4443
     118.000       11190.8174
     119.000       11098.8213
     120.000       11187.3828
     121.000       11144.5205
     122.000       11215.5664
     123.000       11347.1396
     124.000       11150.2783
     125.000       11207.1162
     126.000       11145.3301
     127.000       11259.3408
     128.000       11190.8184
     129.000       11188.4609
     130.000       11206.3242
     131.000       11281.5508
     132.000       11290.8496
     133.000       11286.1221
     134.000       11237.4268
     135.000       11250.3242
     136.000       11300.1514
     137.000       11085.5908
     138.000       11305.3936
     139.000       11257.2383
     140.000       11070.8389
