       0.000      -74518.0780
       1.000      -65710.7755
       2.000      -65867.3561
       3.000      -65816.4949
       4.000      -65639.4432
       5.000      -65444.8816
       6.000      -65301.1417
       7.000      -65024.0045
       8.000      -64736.2448
       9.000      -64464.8682
      10.000      -64128.9567
      11.000      -63874.1593
      12.000      -63539.8522
      13.000      -63166.9408
      14.000      -62902.2815
      15.000      -62492.3598
      16.000      -62109.3830
      17.000      -61711.4115
      18.000      -61263.4637
      19.000      -60725.3394
      20.000      -60251.3388
      21.000      -60039.5182
      22.000      -59691.8706
      23.000      -59429.6303
      24.000      -59112.9521
      25.000      -58847.7047
      26.000      -58325.2506
      27.000      -58051.1186
      28.000      -57757.1544
      29.000      -57416.1020
      30.000      -57299.5997
      31.000      -56682.7369
      32.000      -56319.8386
      33.000      -56098.2315
      34.000      -55626.8175
      35.000      -55130.6180
      36.000      -54842.1937
      37.000      -54185.8220
      38.000      -53959.7786
      39.000      -53730.1333
      40.000      -53351.2646
      41.000      -53168.8316
      42.000      -53254.8496
      43.000      -53166.6315
      44.000      -53093.5182
      45.000      -53136.4818
      46.000      -52950.4670
      47.000      -53047.1619
      48.000      -53339.3955
      49.000      -53002.5314
      50.000      -53137.1722
      51.000      -53220.9961
      52.000      -53158.7291
      53.000      -53213.8760
      54.000      -53291.3911
      55.000      -53114.0596
      56.000      -53142.9285
      57.000      -53131.0476
      58.000      -53102.1358
      59.000      -53228.8580
      60.000      -53201.7991
      61.000      -52939.8450
      62.000      -53178.2059
      63.000      -53262.5447
      64.000      -53145.7725
      65.000      -53044.0753
      66.000      -53040.7786
      67.000      -53027.6550
      68.000      -53154.9392
      69.000      -53500.3000
      70.000      -53343.2787
      71.000      -53387.8823
      72.000      -53369.0602
      73.000      -53183.1151
      74.000      -53301.3364
      75.000      -53292.2331
      76.000      -53564.4457
      77.000      -53272.1501
      78.000      -53275.4306
      79.000      -53501.3868
      80.000      -53211.4971
      81.000      -53405.5772
      82.000      -53484.4591
      83.000      -53310.0158
      84.000      -53409.5338
      85.000      -53240.3576
      86.000      -53343.9750
      87.000      -53363.2932
      88.000      -53331.1396
      89.000      -53524.0126
      90.000      -53385.9367
      91.000      -53448.7462
      92.000      -53415.5722
      93.000      -53290.5742
      94.000      -53617.2078
      95.000      -53282.5845
      96.000      -53503.6274
      97.000      -53413.2847
      98.000      -53277.2796
      99.000      -53524.4757
     100.000      -53571.5266
     101.000      -53551.8514
     102.000      -53459.1827
     103.000      -53459.7736
     104.000      -53415.9928
     105.000      -53524.6845
     106.000      -53362.8807
     107.000      -53294.5654
     108.000      -53259.0616
     109.000      -53419.8868
     110.000      -53424.9934
     111.000      -53643.2715
     112.000      -53480.2161
     113.000      -53459.2961
     114.000      -53428.9876
     115.000      -53349.3113
     116.000      -53670.2927
     117.000      -53585.8459
     118.000      -53681.1002
     119.000      -53611.3271
     120.000      -53617.9648
     121.000      -53440.4410
     122.000      -53393.3787
     123.000      -53597.6621
     124.000      -53641.6411
     125.000      -53863.6555
     126.000      -53528.4034
     127.000      -53471.1320
     128.000      -53365.5485
     129.000      -53492.6844
     130.000      -53557.0260
     131.000      -53512.8657
     132.000      -53557.6443
     133.000      -53670.5273
     134.000      -53619.5188
     135.000      -53648.2361
     136.000      -53638.9899
     137.000      -53386.4709
     138.000      -53500.8371
     139.000      -53583.1809
     140.000      -53594.6101
