       0.000      -74518.0780
       1.000      -65333.3232
       2.000      -65141.9462
       3.000      -64721.9761
       4.000      -64186.4816
       5.000      -63598.9714
       6.000      -63092.7274
       7.000      -62457.8661
       8.000      -61769.7746
       9.000      -61165.0448
      10.000      -60473.6076
      11.000      -59821.8055
      12.000      -59063.5617
      13.000      -58305.2152
      14.000      -57691.5813
      15.000      -56980.6791
      16.000      -56183.8889
      17.000      -55361.2411
      18.000      -54535.7425
      19.000      -53610.6651
      20.000      -52817.4922
      21.000      -52366.8019
      22.000      -51855.3662
      23.000      -51433.7548
      24.000      -51069.0839
      25.000      -50455.4069
      26.000      -49887.0445
      27.000      -49210.6079
      28.000      -48834.1749
      29.000      -48464.8266
      30.000      -48118.8370
      31.000      -47256.8804
      32.000      -46678.5134
      33.000      -46186.1192
      34.000      -45595.4874
      35.000      -44860.1199
      36.000      -44498.6361
      37.000      -43531.0222
      38.000      -43129.7366
      39.000      -42806.2534
      40.000      -42253.0547
      41.000      -42006.1812
      42.000      -42174.6992
      43.000      -41950.7057
      44.000      -41797.0788
      45.000      -42103.3217
      46.000      -41722.5676
      47.000      -41698.0115
      48.000      -42185.8506
      49.000      -41737.4797
      50.000      -41942.5814
      51.000      -41944.4893
      52.000      -41998.6138
      53.000      -42077.3897
      54.000      -42103.4605
      55.000      -41976.9873
      56.000      -42029.3289
      57.000      -42027.9382
      58.000      -41925.3214
      59.000      -42068.0455
      60.000      -41896.8723
      61.000      -41607.2073
      62.000      -41911.1268
      63.000      -42151.6805
      64.000      -42003.9219
      65.000      -41882.5705
      66.000      -41815.4397
      67.000      -41795.5309
      68.000      -41952.5916
      69.000      -42265.2824
      70.000      -42119.2953
      71.000      -42044.1128
      72.000      -42120.5084
      73.000      -41883.3377
      74.000      -42248.5874
      75.000      -42023.3893
      76.000      -42452.1781
      77.000      -42078.7360
      78.000      -41973.8837
      79.000      -42286.5216
      80.000      -42114.5430
      81.000      -42245.7579
      82.000      -42279.8497
      83.000      -42106.4963
      84.000      -42153.7242
      85.000      -41986.6740
      86.000      -42085.5316
      87.000      -42090.1145
      88.000      -42244.9560
      89.000      -42302.0273
      90.000      -42134.8342
      91.000      -42243.4679
      92.000      -42202.5947
      93.000      -42030.7792
      94.000      -42535.4754
      95.000      -42105.3062
      96.000      -42363.8657
      97.000      -42144.1919
      98.000      -42181.2484
      99.000      -42269.7013
     100.000      -42268.5256
     101.000      -42151.1424
     102.000      -42186.2266
     103.000      -42140.0676
     104.000      -42236.8561
     105.000      -42398.6982
     106.000      -42200.3436
     107.000      -42103.7070
     108.000      -41913.8048
     109.000      -42166.7520
     110.000      -42300.2268
     111.000      -42586.9004
     112.000      -42269.5081
     113.000      -42234.3312
     114.000      -42296.5960
     115.000      -42057.8533
     116.000      -42553.1198
     117.000      -42341.4015
     118.000      -42490.2828
     119.000      -42512.5058
     120.000      -42430.5820
     121.000      -42295.9204
     122.000      -42177.8123
     123.000      -42250.5224
     124.000      -42491.3628
     125.000      -42656.5393
     126.000      -42383.0733
     127.000      -42211.7912
     128.000      -42174.7302
     129.000      -42304.2235
     130.000      -42350.7018
     131.000      -42231.3149
     132.000      -42266.7947
     133.000      -42384.4052
     134.000      -42382.0921
     135.000      -42397.9119
     136.000      -42338.8385
     137.000      -42300.8801
     138.000      -42195.4436
     139.000      -42325.9426
     140.000      -42523.7712
